0,-4.523959E-05,-0.0007796889,0.1507884,-0.0183464,0.131251,3.054838,0.4194041,-0.02915728,0.8018643,0.1463947,-17.54358,97.9901,0.35,0.05,-0.79,1.83,0.3483933,0.09216473,-2,-2,-25,4,0,2,-2,-2
0.02,-4.523959E-05,-0.0007796889,0.1507884,-0.0183464,0.131251,3.054838,0.4112517,0.001611538,-0.4076183,1.538441,-60.47413,69.60232,0.04,0.1,-1.46,2.01,0.05268722,0.1191168,-1,1,4,15,0,0,-10,-2
0.04,-1.02006,-0.4738654,0.002625021,0.06109676,0.01970886,-5.029544,0.3629223,0.03909982,-2.416469,1.874414,-100.4425,16.79865,0.27,0.2,-0.98,1.28,0.2305154,0.1606549,0,2,36,7,1,-13,-3,-3
0.06,-1.020278,-0.4729989,0.003019198,-0.03949413,-3.726125,-8.64271,0.3270835,0.05419394,-1.791942,0.754706,31.22635,-55.9854,0.67,-0.41,-1.16,0.73,0.6763331,-0.3564952,0,2,36,7,1,-13,-3,-3
0.08,-1.020326,-0.4740507,-0.0715033,-0.2123483,-3.541525,0.2040626,0.3620553,0.01268578,1.74859,-2.075408,177.0266,-141.5057,0.88,-0.29,-1.28,1.1,0.8653161,-0.2915806,-2,-1,-19,-5,0,6,-5,-3
0.09999999,-1.021456,-0.4780387,-0.1423338,-0.2082671,4.359456,-0.2236531,0.4516495,-0.06248393,4.479712,-3.758486,136.5561,-84.15389,0.58,-0.18,-1.34,1.34,0.6105575,-0.1965363,-2,-4,-23,11,-4,7,-4,-1
0.12,-1.02376,-0.4815417,-0.05514469,-0.2127401,3.440316,-1.319423,0.524839,-0.1197545,3.659477,-2.863529,-41.0118,44.74783,0.29,0.04,-1.53,1.16,0.3515326,-0.005352041,0,1,18,-3,1,-2,6,-3
0.14,-1.024449,-0.4852546,0.01366164,-0.2391286,2.739766,-2.214566,0.5373526,-0.1379151,0.6256759,-0.9080291,-151.69,97.77499,0.27,-0.06,-0.55,0.85,0.2767145,-0.05488206,1,0,6,5,-1,8,7,-17
0.16,-1.024046,-0.4899432,0.06845696,-0.2834199,-5.890903,-2.367613,0.4813749,-0.1315081,-2.798884,0.3203489,-171.228,61.4189,-0.15,-0.07,-0.92,1.71,-0.1023866,-0.1040498,-1,-4,3,5,-2,-3,-3,4
0.18,-1.022722,-0.4960192,-0.04936111,-0.3307722,-5.812528,-1.682977,0.4041057,-0.1289258,-3.863461,0.1291163,-53.22889,-9.561628,0.84,-0.32,-1.28,2.32,0.7753718,-0.2753788,1,3,6,-22,1,-8,-2,3
0.2,-1.023728,-0.5031962,-0.1656117,-0.3644317,2.627424,-0.7379432,0.397782,-0.142016,-0.3161833,-0.6545126,177.3639,-39.18145,0.88,-0.19,-1.22,2.62,0.8547572,-0.1721836,1,2,7,11,2,-2,-2,1
0.22,-1.026946,-0.5105292,-0.1130632,-0.3791906,2.467308,-0.6606023,0.4641208,-0.1559135,3.316942,-0.6948732,181.6563,-2.018028,0.56,-0.11,-0.79,1.53,0.6116872,-0.1100183,-1,0,-7,-7,-1,10,-3,2
0.24,-1.029107,-0.5176284,-0.06371703,-0.3924026,2.297487,-1.471953,0.5180044,-0.152942,2.694176,0.1485728,-31.13829,42.1723,0.28,0.01,-1.04,0.98,0.2391469,-0.01886048,2,2,9,-1,1,-4,2,2
0.26,-1.030403,-0.525085,-0.01776728,-0.4218417,2.333691,-2.130974,0.4996923,-0.1240383,-0.9156048,1.445186,-180.4891,64.83067,0.01,0.14,-0.98,0.79,0.01063197,0.1308386,4,1,-16,-5,3,4,7,27
0.28,-1.030966,-0.5336595,0.02890654,-0.4644611,2.687514,-1.907008,0.4152209,-0.05561883,-4.223567,3.420975,-165.3981,98.78944,0.08,0.45,-1.1,1.1,0.1024978,0.4360173,1,-1,7,17,1,-1,1,3
0.3,-1.030879,-0.5435711,0.08265682,-0.5026013,-4.884698,-0.8738869,0.3244451,0.05930668,-4.538793,5.746276,-15.76126,116.2651,0.4,0.53,-1.16,0.67,0.3780581,0.5364721,0,-1,-19,20,-1,3,-4,-5
0.32,-1.030051,-0.554294,-0.01503715,-0.5200791,-3.478997,0.2363307,0.2713195,0.1772805,-2.656278,5.898692,94.12572,7.620788,0.2,0.01,-0.79,1.53,0.2553266,0.06036296,0,0,-10,34,2,-4,-1,9
0.34,-1.031201,-0.5650917,-0.08461709,-0.5153525,6.372404,0.8860685,0.2416304,0.222188,-1.484456,2.245376,58.59111,-182.6658,0.09,-0.29,-1.71,1.89,0.1193682,-0.2323366,0,2,-13,-22,0,-7,-8,2
0.36,-1.033217,-0.5756179,0.04283099,-0.4976311,6.921605,1.249171,0.2453041,0.1649168,0.1836866,-2.863562,83.40713,-255.4469,0.92,-0.43,-1.16,1.83,0.8686108,-0.4271673,-1,-6,9,25,-2,-5,-2,-1
0.38,-1.031946,-0.5855394,0.1812631,-0.4726477,-2.187387,1.204241,0.32825,0.02719449,4.147295,-6.886115,198.1804,-201.1277,0.87,-0.67,-1.53,1.65,0.8834812,-0.6285003,-3,-3,-19,3,0,6,5,-3
0.4,-1.027323,-0.5943746,0.1375154,-0.4485628,-3.871726,0.1897959,0.4653047,-0.1450074,6.852733,-8.610097,135.2719,-86.1991,0.73,-0.49,-0.98,0.92,0.7640756,-0.4716181,-2,-3,-1,-15,-2,-1,-8,12
0.42,-1.023326,-0.6023228,0.06008083,-0.4447669,-5.977864,-1.486431,0.5701319,-0.285266,5.241361,-7.01293,-80.56858,79.85835,0.21,-0.21,-1.46,1.28,0.2607855,-0.2128331,-4,-9,4,-25,0,-2,-2,-9
0.44,-1.021114,-0.6104302,-0.05947644,-0.4744955,-7.693168,-2.768523,0.5787343,-0.3399228,0.430122,-2.732837,-240.562,214.0046,0.05,0.08,-1.71,1.65,0.06379139,0.06672438,2,4,16,5,-2,-3,2,1
0.46,-1.021911,-0.6198477,-0.2133398,-0.529866,0.04688103,-2.873734,0.4984776,-0.2912752,-4.012835,2.432381,-222.1479,258.2609,0.09,0.34,-2.5,1.53,0.09513297,0.356925,1,-1,-8,-14,4,13,27,2
0.48,-1.026526,-0.6310353,-0.2124022,-0.5873407,0.6418217,-1.892153,0.3677896,-0.1572732,-6.534402,6.700099,-126.0784,213.3859,-0.28,0.46,-2.87,3.3,-0.237455,0.4404544,-2,-3,-5,-12,1,-1,0,23
0.5,-1.031732,-0.6437459,-0.1995657,-0.6251837,2.280692,-0.2937855,0.2245705,0.0205356,-7.160956,8.89044,-31.32768,109.5171,0.17,0.53,-5.13,6.77,0.1396408,0.5588399,-2,-4,-13,-2,-3,-12,-5,-11
0.52,-1.036998,-0.6573012,-0.1539519,-0.6310594,4.455458,1.457816,0.1438221,0.1867243,-4.037418,8.309437,156.1769,-29.05016,0.63,0.19,-1.1,2.81,0.6329341,0.2308607,0,3,8,2,3,-2,1,-8
0.54,-1.041274,-0.6705162,-0.06484275,-0.6019031,6.487898,2.445375,0.1671359,0.2782009,1.165688,4.573828,260.1553,-186.7804,0.58,-0.09,-0.24,0.92,0.5360127,-0.06246646,1,-4,-7,3,1,5,10,-9
0.56,-1.043231,-0.6823896,0.06491522,-0.5529956,7.606615,2.160247,0.2257985,0.2709252,2.933132,-0.363785,88.3722,-246.8807,0,-0.09,-0.18,0.49,-0.01333327,-0.1260728,2,5,11,11,-1,13,3,-1
0.58,-1.04188,-0.6930223,0.2170475,-0.5097906,-0.8908905,1.442797,0.2476776,0.2137851,1.093955,-2.857003,-91.95883,-124.6609,0.24,0.26,-0.31,-0.73,0.2427184,0.2372532,-2,-1,-6,29,-2,1,0,8
0.6,-1.037126,-0.7030545,0.1992297,-0.4809346,-1.589723,1.175213,0.253895,0.1777306,0.3108665,-1.802725,-39.15445,52.7139,0.47,0.34,-1.22,0,0.4201271,0.3343244,1,1,9,6,-3,-13,-8,0
0.62,-1.032881,-0.7126251,0.1674352,-0.4574304,-2.030673,1.099174,0.2669421,0.1888094,0.6523564,0.5539402,17.0745,117.8333,0.14,0.44,-1.59,1.53,0.1491476,0.429554,0,4,18,11,-2,1,5,2
0.64,-1.029613,-0.7216797,0.1268218,-0.4354469,-1.895178,0.9396054,0.256209,0.2146778,-0.5366549,1.293417,-59.45057,36.97384,0.01,-0.01,-1.22,1.4,-0.022411,0.004442696,-3,-6,-6,-6,0,-5,-3,1
0.66,-1.027263,-0.7304688,0.08891823,-0.4166548,-1.578806,1.070873,0.2405294,0.1862734,-0.7839807,-1.42022,-12.36629,-135.6819,0.74,-0.51,-2.56,2.32,0.6950492,-0.4712339,1,3,-10,-4,-2,-3,1,-1
0.68,-1.025279,-0.7389137,0.05734212,-0.3952373,-1.926194,1.262637,0.2835388,0.07937156,2.150471,-5.34509,146.7226,-196.2435,0.72,-0.31,-2.93,2.01,0.693907,-0.3313738,1,3,-10,-4,-2,-3,1,-1
0.7,-1.023359,-0.7464961,0.01881823,-0.3699846,-3.233605,0.7366241,0.3720097,-0.05012089,4.423547,-6.474622,113.6538,-56.47659,0.52,-0.21,-2.56,1.16,0.5105541,-0.2158598,0,0,-5,-12,0,5,-4,3
0.72,-1.022047,-0.7532368,-0.04585387,-0.3552521,-4.817145,-0.3453991,0.448002,-0.1382652,3.799611,-4.407218,-31.19677,103.3702,0.48,0.09,-2.75,1.1,0.4771188,0.03242487,0,0,-5,-12,0,5,-4,3
0.74,-1.02233,-0.7597765,-0.1421968,-0.3621601,2.513215,-1.274812,0.4566679,-0.1549415,0.433296,-0.8338124,-168.3158,178.6703,-0.36,0.18,-2.5,1.53,-0.2950866,0.1761667,-3,-3,-4,-7,-2,5,-1,22
0.76,-1.025054,-0.7669543,-0.09193248,-0.3876563,2.309431,-1.3808,0.3645905,-0.1020654,-4.603868,2.643804,-251.8582,173.8808,-0.13,0.31,-1.59,1.34,-0.1486237,0.3194574,0,3,37,30,-2,2,4,5
0.78,-1.027272,-0.7753818,-0.04574386,-0.4152723,2.956239,-0.2546598,0.2307417,-0.0004621781,-6.692442,5.080161,-104.4287,121.8178,0.18,0.39,-2.38,2.5,0.1308915,0.4153986,-1,-4,-2,-1,0,12,18,-4
0.8,-1.028914,-0.7846654,0.01338092,-0.4203655,4.198658,1.382342,0.1310489,0.1173218,-4.984639,5.889201,85.39014,40.45198,0.08,0.28,-1.71,2.14,0.07573096,0.3179086,-2,0,-5,23,-1,-15,0,11
0.82,-1.029494,-0.793801,0.09735409,-0.3927186,-2.769474,2.601592,0.06705709,0.210352,-3.199592,4.651511,89.25238,-61.8845,-0.09,0.16,-1.53,2.01,-0.08248261,0.1789915,1,2,-7,-2,-6,-7,1,16
0.84,-1.028219,-0.8021221,0.04196461,-0.3406868,-1.63171,3.384211,0.01756113,0.2503465,-2.474798,1.999725,36.23969,-132.5893,-0.04,0.09,-1.4,1.71,-0.03324372,0.04068122,0,3,13,3,-4,2,-3,-6
0.86,-1.02767,-0.8092956,0.009330411,-0.2730026,-1.142571,3.989541,-0.004667813,0.2437116,-1.111447,-0.331749,68.16754,-116.5737,0.32,0.16,-2.26,1.95,0.2650349,0.1708239,-2,-2,4,9,-4,-7,1,0
0.88,-1.027435,-0.8149171,-0.01352101,-0.1932118,-1.223719,4.261398,0.01910463,0.2238158,1.188622,-0.9947896,115.0035,-33.15203,0.27,0.23,-0.98,0.92,0.2368016,0.2319717,0,0,-4,-28,-2,6,-4,0
0.9,-1.027561,-0.8186084,-0.03799538,-0.1079838,6.941511,3.970664,0.05112819,0.2055459,1.601178,-0.9134918,20.62778,4.064888,-0.25,0.03,-1.59,1.95,-0.2214829,0.0765698,0,-2,-4,-7,-2,-6,-1,1
0.92,-1.028188,-0.8205348,0.1008348,-0.02857055,6.718079,3.579019,0.03475652,0.1893569,-0.8185834,-0.8094497,-120.9881,5.202106,-0.3,0.33,-1.71,2.08,-0.2856157,0.2809185,0,-2,-4,-7,-2,-6,-1,1
0.94,-1.026054,-0.821225,0.2351964,0.04300984,-1.888482,3.779243,-0.01966518,0.1793792,-2.721085,-0.4988857,-95.12508,15.5282,-0.05,0.05,-1.65,1.89,-0.07342095,0.07532543,1,4,8,-18,-1,-2,2,-2
0.96,-1.021278,-0.82076,0.1974268,0.1185947,-2.01051,-3.963954,-0.063468,0.1687107,-2.190141,-0.5334266,26.54719,-1.727046,0.01,0.17,-1.46,1.65,-0.01552671,0.1610584,-2,-1,32,-25,-3,0,1,-8
0.98,-1.017251,-0.8187066,0.1572166,0.03931563,-2.140987,-3.428,-0.05466913,0.1458527,0.4399436,-1.142901,131.5042,-30.47373,0.54,-0.15,-1.16,1.53,0.5083185,-0.1043555,3,0,-11,14,3,12,8,3
1,-1.01394,-0.8178566,0.1143968,-0.02924437,-2.420542,-3.535862,0.009719476,0.1095657,3.21943,-1.814348,138.9743,-33.57233,0.05,0.13,-1.28,1.53,0.08216122,0.08816034,0,-3,-6,2,0,-8,-6,-1
1.02,-1.011388,-0.8179729,0.065986,-0.09996162,-2.864332,4.085443,0.06606939,0.08448674,2.817496,-1.253949,-20.09674,28.01995,-0.08,0.26,-1.71,1.4,-0.09871332,0.2095165,-6,0,16,-4,-4,17,1,6
1.04,-1.009886,-0.8195616,0.008699367,-0.01825275,-3.171046,3.39629,0.07781313,0.08822292,0.5871873,0.1868092,-111.5154,72.0379,0.04,0.15,-1.77,2.5,0.03336484,0.1791107,-4,-6,-14,-6,-1,1,1,-1
1.06,-1.009739,-0.8198414,-0.05472156,0.04967304,-3.125353,3.252665,0.07884961,0.1135391,0.051824,1.265808,-26.76817,53.94995,0.26,0.27,-1.89,2.93,0.2405037,0.2941014,2,4,6,2,2,10,-1,-1
1.08,-1.011017,-0.8188411,-0.1172286,0.1147263,5.592868,-5.168625,0.105182,0.1629033,1.316619,2.468209,63.23975,60.12004,0.4,0.52,-1.83,3.05,0.3607839,0.487015,2,-3,6,10,-2,3,-5,6
1.1,-1.013719,-0.8163567,-0.005371273,0.01135383,6.196576,-5.490663,0.155883,0.2351274,2.535051,3.611206,60.92161,57.14986,0.26,0.4,-1.83,3.11,0.2769735,0.4228129,2,-3,6,10,-2,3,-5,6
1.12,-1.014349,-0.8157642,0.1185602,-0.09845943,7.079847,-6.110721,0.2143376,0.2988736,2.922729,3.187309,19.38388,-21.19485,0.45,0.18,-1.16,2.69,0.4353977,0.219713,2,4,-7,-17,-3,8,0,3
1.14,-1.012438,-0.8173123,0.2601572,-0.2206738,-0.5490764,1.582966,0.2599365,0.3201361,2.279945,1.063125,-32.13921,-106.2092,0.12,0.09,-0.67,1.95,0.07484422,0.1145641,-1,-1,9,23,-3,9,-4,-10
1.16,-1.007388,-0.8213958,0.2491757,-0.1890145,-0.289031,1.025285,0.260831,0.3034175,0.04472584,-0.8359283,-111.7609,-94.95266,0.01,0.28,-2.38,2.5,-0.01208033,0.2426151,2,1,7,31,-1,-8,-2,-1
1.18,-1.002284,-0.8251682,0.243395,-0.1685088,-0.4935028,1.014344,0.214431,0.2772863,-2.320001,-1.306561,-118.2363,-23.53162,-0.03,0.22,-1.65,0.92,-0.0227095,0.2256664,-2,0,-7,-8,-2,-15,-3,-3
1.2,-0.9972275,-0.8288737,0.233525,-0.1482219,-0.8130938,1.581824,0.1157664,0.2781279,-4.933228,0.04208237,-130.6613,67.43215,-0.8,0.71,-1.83,0.98,-0.7288583,0.7120274,-2,0,-7,-8,-2,-15,-3,-3
1.22,-0.9925631,-0.8325542,0.2172631,-0.1165855,-0.8027995,2.788497,-0.05142025,0.3578291,-8.359334,3.985056,-171.3053,197.1487,-0.58,1.2,-1.53,1.77,-0.6287519,1.181501,-2,-1,0,-4,2,-4,0,-9
1.24,-0.988794,-0.8360965,0.2012071,-0.06081554,0.1719647,4.833194,-0.2390766,0.5189222,-9.382816,8.054658,-51.17412,203.4801,-0.55,0.99,-1.34,3.23,-0.5047674,0.998612,0,-5,-15,19,-2,-16,1,3
1.26,-0.9859391,-0.8386608,0.2046464,0.03584834,2.142199,7.128121,-0.3802855,0.6704634,-7.060447,7.577062,116.1185,-23.87981,-0.35,0.41,-1.71,3.48,-0.3784003,0.4645093,2,1,7,2,0,5,-3,1
1.28,-0.9829535,-0.8389503,0.2474904,0.1784108,3.99564,0.4465414,-0.4901125,0.7113689,-5.491352,2.045271,78.45473,-276.5895,-1.22,0.04,-1.28,2.75,-1.134866,0.02534658,2,1,3,4,-1,7,3,4
1.3,-0.9783047,-0.8361729,0.3274032,0.1873416,4.495943,1.78984,-0.5753774,0.6173259,-4.263243,-4.702148,61.40545,-337.3709,0.1,-0.15,-2.2,0.67,0.01026259,-0.1443905,-1,-3,-17,-20,-1,-9,-7,2
1.32,-0.97106,-0.8330612,0.417322,0.2231384,3.345732,2.832689,-0.5411836,0.4504024,1.709691,-8.346176,298.6467,-182.2014,0.39,0.14,-1.83,3.11,0.4630617,0.1169288,0,2,17,2,-5,-4,0,3
1.34,-0.9614717,-0.8283765,0.4842367,0.2797922,1.30417,2.414653,-0.340524,0.303564,10.03298,-7.341921,416.1646,50.21274,0.93,0.34,-2.2,0.49,0.8840408,0.308699,0,2,17,2,-5,-4,0,3
1.36,-0.9506965,-0.8213314,0.5103201,0.3280852,-0.4917117,-0.03978962,-0.0902796,0.2242354,12.51222,-3.966427,123.9618,168.7747,-0.35,0.33,-0.92,2.32,-0.3079248,0.325771,0,3,-4,-6,2,3,3,-8
1.38,-0.9399058,-0.8129448,0.5004858,0.3272894,-1.461915,-3.100305,0.05318959,0.2136542,7.17346,-0.529062,-266.938,171.8682,-0.16,0.55,-2.62,3.97,-0.1871862,0.5530544,0,-1,-8,6,1,5,-5,-7
1.4,-0.9298189,-0.8053535,0.4712476,0.2652833,-1.591324,-4.85481,0.08455921,0.2490797,1.568481,1.771277,-280.2489,115.017,0.02,0.26,-0.67,1.71,0.04552721,0.3034642,0,0,31,10,-1,-4,-1,-1
1.42,-0.9206508,-0.7998206,0.4394211,0.1681871,-1.158065,-5.238452,0.08977719,0.291878,0.2608989,2.139916,-65.37912,18.43196,0.22,0.41,-1.16,2.14,0.2130466,0.386404,0,-2,-12,-1,-1,-3,-6,2
1.44,-0.9121723,-0.79642,0.4162598,0.06341808,-0.6346331,-5.302267,0.09564628,0.3332696,0.2934545,2.069579,1.627784,-3.516865,-0.07,0.56,-1.89,1.83,-0.04091622,0.5322124,0,-2,-12,-1,-1,-3,-6,2
1.46,-0.9041468,-0.79511,0.4035671,-0.04262725,-0.1284038,-5.374044,0.08447248,0.385276,-0.5586896,2.60032,-42.60721,26.53703,-0.04,0.58,-1.22,-0.18,-0.05341391,0.5683167,3,6,-1,29,3,-3,2,-6
1.48,-0.8964519,-0.796045,0.4009991,-0.1501081,0.5076497,3.171221,0.04979712,0.4594745,-1.733768,3.709924,-58.75394,55.48023,-0.13,0.97,-1.77,-0.37,-0.1469005,0.9262193,1,-1,-8,-7,1,2,6,2
1.5,-0.888969,-0.7993001,0.4111521,-0.08668371,1.415127,3.595298,-0.007030451,0.5606571,-2.841378,5.059132,-55.38051,67.4604,-0.31,0.87,-1.28,0,-0.315774,0.8194495,0,-1,-13,-22,0,-10,-3,-5
1.52,-0.8814789,-0.8014462,0.4394546,-0.01477775,2.65264,4.290153,-0.08517376,0.654586,-3.907165,4.696444,-53.28934,-18.13443,-0.3,0.62,-0.61,-0.37,-0.3377473,0.6348979,-1,-1,19,19,-1,-5,9,-9
1.54,-0.8733716,-0.802307,0.4925074,0.07102531,3.801448,5.245977,-0.1655647,0.6923757,-4.019549,1.889482,-5.619204,-140.3481,-0.24,0.35,-1.34,-0.98,-0.2589762,0.3468878,-1,-2,-3,1,-1,-2,-1,-1
1.56,-0.8637968,-0.8014684,0.5685363,0.1759449,4.263642,-2.179547,-0.1963087,0.6455657,-1.537197,-2.340499,124.1176,-211.499,0.44,-0.03,-1.59,-0.37,0.3840534,0.02325318,-1,-2,-3,1,-1,-2,-1,-1
1.58,-0.8520836,-0.7981755,0.6538092,0.1323539,3.691123,-1.803329,-0.122581,0.5163059,3.686384,-6.462988,261.179,-206.1245,0.61,-0.15,-2.08,1.1,0.6315923,-0.1140543,0,-1,24,12,0,9,2,0
1.6,-0.8380595,-0.7949959,0.7276316,0.09628736,2.110201,-2.705055,0.0009252211,0.35524,6.175312,-8.053299,124.4464,-79.51553,-0.32,0.18,-1.59,0.06,-0.2463277,0.156691,2,4,-10,0,-2,46,9,0
1.62,-0.8223279,-0.7921704,0.7698357,0.04218625,0.1402996,-4.215626,0.02727884,0.2397678,1.317681,-5.773609,-242.8816,113.9845,-0.9,0.44,-1.28,-1.1,-0.880671,0.435668,-1,3,12,-19,0,-20,-3,1
1.64,-0.8060902,-0.7911342,0.7726417,-0.04212627,-1.271951,-4.537926,-0.057099,0.205662,-4.218892,-1.705291,-276.8286,203.4159,0.09,0.42,-1.46,1.04,0.006768697,0.4227835,-2,-1,5,-12,-1,5,0,5
1.66,-0.7903895,-0.7925897,0.7472026,-0.1328848,-1.68907,4.902613,-0.108695,0.230822,-2.579801,1.258002,81.95453,148.1647,0.45,0.46,-1.04,2.08,0.4198437,0.450411,-1,-1,-4,13,-4,29,9,0
1.68,-0.7756286,-0.7956216,0.7134212,-0.03483254,-1.38136,5.533732,-0.05748988,0.2599276,2.560257,1.455281,257.0029,9.863937,0.44,-0.05,-0.49,1.59,0.3788047,-0.03762599,-1,-5,10,35,-3,-5,-5,-1
1.7,-0.7615724,-0.7959453,0.6857941,0.0758421,-1.025393,4.907465,0.05858546,0.2214556,5.803768,-1.923601,162.1756,-168.9441,0.6,-0.53,0.06,1.46,0.5628557,-0.4797023,-1,-1,-10,-47,-2,-9,5,6
1.72,-0.7475762,-0.7935826,0.6652862,0.1739914,-1.495912,-4.9208,0.1894662,0.1149113,6.544036,-5.327214,37.01341,-170.1807,0.36,0.03,0.49,0.49,0.3294476,-0.01655786,-2,-2,-1,-1,-5,-4,-5,20
1.74,-0.7334962,-0.7891446,0.6353679,0.0755754,-2.798955,-6.52143,0.2776037,0.02688363,4.406878,-4.401386,-106.8579,46.29142,0.06,0.17,0.85,-0.12,0.05135186,0.2001562,1,0,37,31,-5,8,0,-3
1.76,-0.7201521,-0.786986,0.5793889,-0.05485319,-3.875528,-7.599313,0.2586268,0.01634985,-0.9488463,-0.5266891,-267.7863,193.7348,-0.62,0.41,-0.98,1.46,-0.6727359,0.4339044,1,0,-10,5,1,25,0,-1
1.78,-0.7084884,-0.7882204,0.5018783,-0.2068394,-4.004354,1.041301,0.1318638,0.09108119,-6.33815,3.736567,-269.4652,213.1628,-0.2,0.74,-1.1,1.1,-0.2169027,0.7296882,-1,-4,-10,4,-3,2,-9,5
1.8,-0.6989889,-0.7932789,0.4217912,-0.1860134,-3.090397,2.591626,-0.006348534,0.2257139,-6.910618,6.731634,-28.62344,149.7533,-0.03,0.62,-1.22,0.73,-0.01061222,0.5927668,-1,-3,-15,4,-1,-12,-6,-3
1.82,-0.6915255,-0.7980015,0.3599833,-0.1341809,-1.443832,4.281942,-0.09791375,0.3485089,-4.578261,6.139751,116.6179,-29.59416,-0.29,0.16,-1.16,1.34,-0.2986428,0.2141419,-2,-5,-1,-6,-3,-3,-4,0
1.84,-0.6852171,-0.8013471,0.3311067,-0.04854207,0.05797615,5.401611,-0.154225,0.3973694,-2.815564,2.443026,88.13483,-184.8362,0.01,0.09,-1.53,0.67,-0.02823914,0.1230155,-1,-1,12,32,-6,7,9,1
1.86,-0.6789511,-0.8027256,0.3322662,0.05949016,0.6555561,6.090576,-0.149516,0.3544007,0.2354525,-2.148436,152.5508,-229.5731,0.41,-0.35,-0.79,-0.73,0.4406348,-0.3230316,-4,-2,-5,-5,0,-6,-1,-3
1.88,-0.6719917,-0.8015027,0.3453773,0.1813017,0.1300349,-2.375866,-0.05931662,0.2280727,4.509969,-6.316401,213.7258,-208.3983,0.44,-0.35,-1.34,0,0.4539556,-0.3396735,-2,-1,-10,0,2,-24,-15,-4
1.9,-0.6641596,-0.7972217,0.347978,0.1337843,-1.414985,-3.478759,0.06392685,0.07224405,6.162174,-7.791431,82.61025,-73.75153,0.08,-0.11,-1.16,0.67,0.124121,-0.1164445,1,0,-15,18,-4,-11,-1,7
1.92,-0.6560625,-0.7936461,0.3196783,0.06420917,-3.320774,-4.986124,0.1369946,-0.04745239,3.653389,-5.984822,-125.4392,90.33046,-0.21,-0.08,-0.12,0.31,-0.1764998,-0.07183068,2,3,-18,-18,2,16,12,-9
1.94,-0.6487992,-0.7918268,0.2532628,-0.03551331,-4.784675,-5.879722,0.1406019,-0.1084432,0.1803622,-3.04954,-173.6514,146.7641,0.15,0.06,-1.16,1.59,0.07607426,0.02428403,2,0,-6,-17,3,-4,0,-1
1.96,-0.6432924,-0.7925092,0.1575693,-0.1531077,-5.530373,2.484759,0.1269793,-0.1174358,-0.6811299,-0.4496291,-43.0746,129.9955,0.24,0.04,-0.92,1.34,0.2530049,0.04478161,2,0,-6,-17,3,-4,0,-1
1.98,-0.6400759,-0.7956701,0.04696188,-0.1034126,-5.640473,2.651364,0.1381102,-0.09095344,0.5565457,1.324116,61.88378,88.68728,0.32,0.1,-0.98,0.92,0.3123492,0.08633766,2,6,2,1,-4,-13,0,11
2,-0.6393283,-0.7976581,-0.06584757,-0.05038529,-5.316517,2.515233,0.1462337,-0.04964755,0.4061766,2.065295,-7.518457,37.05891,-0.29,0.06,-1.4,0.06,-0.2678354,0.03178913,0,0,-19,-39,0,-10,-2,1
2.02,-0.6409439,-0.7986079,-0.1721779,-8.064249E-05,3.597072,2.415881,0.1054826,-0.009348566,-2.037556,2.014949,-122.1866,-2.517283,-0.12,0.12,-1.22,-0.61,-0.1617112,0.08469255,0,0,-19,-39,0,-10,-2,1
2.04,-0.6446789,-0.7989064,-0.1002365,0.04823698,4.090104,2.914268,0.02703185,0.03184114,-3.922538,2.059485,-94.24912,2.226806,-0.27,0.26,-1.65,-0.92,-0.2529417,0.2246731,4,2,6,-8,2,5,-4,2
2.06,-0.6469818,-0.7985114,-0.0184344,0.1065223,4.593722,-4.534906,-0.0582638,0.08451191,-4.264782,2.633539,-17.11222,28.70269,-0.22,0.29,-1.65,-0.49,-0.2368679,0.2959469,-4,0,6,3,0,-26,-15,0
2.08,-0.6477327,-0.7969995,0.07344005,0.01582422,5.237874,-3.491822,-0.1274739,0.1467651,-3.460507,3.112662,40.21378,23.95613,-0.05,0.3,-2.01,0.18,-0.09730845,0.3094209,-4,0,6,3,0,-26,-15,0
2.1,-0.646717,-0.7971839,0.1781975,-0.05401221,-2.409382,-2.645339,-0.1512216,0.1924408,-1.187385,2.283783,113.6561,-41.44392,0.1,-0.03,-2.01,1.22,0.1446605,-0.001298593,1,0,7,-3,0,27,15,4
2.12,-0.6434863,-0.7984353,0.1300099,-0.106919,-1.850766,6.053627,-0.1233095,0.1778317,1.395605,-0.7304564,129.1495,-150.712,0.09,-0.33,-1.71,1.59,0.06132661,-0.3406918,-3,-3,-15,-12,-3,-17,-17,-1
2.14,-0.6407793,-0.8003712,0.09299456,0.01415357,-2.029437,5.712504,-0.07155511,0.08374631,2.587721,-4.704268,59.6058,-198.6906,0.07,-0.47,-1.4,1.34,0.06375799,-0.4897328,-4,-2,2,-15,-3,-15,-8,4
2.16,-0.6382318,-0.7997129,0.05240582,0.1284037,-3.180102,-3.329094,-0.01519808,-0.05691444,2.817852,-7.033038,11.50652,-116.4385,0.19,-0.4,-1.77,2.87,0.1948342,-0.3909168,-1,-1,-10,-11,-4,-11,-8,9
2.18,-0.6361567,-0.7967351,-0.01119622,0.06182178,-4.900374,-4.018445,0.04866025,-0.1782644,3.192917,-6.067498,18.75325,48.27697,0.24,-0.07,-1.46,2.56,0.2692159,-0.08700941,1,4,-3,18,-1,13,2,1
2.2,-0.6354968,-0.7950328,-0.1092037,-0.01854711,2.024282,-4.799417,0.1060762,-0.2331528,2.8708,-2.74442,-16.10584,166.1539,0.01,-0.04,-1.16,1.95,0.0251875,-0.04422429,-1,0,3,-3,1,14,0,-1
2.22,-0.6372822,-0.7949848,-0.06871806,-0.1145355,1.352835,2.907008,0.1236023,-0.2289363,0.8763045,0.2108246,-99.72477,147.7622,-0.1,-0.11,-1.1,2.01,-0.1274857,-0.08058611,2,1,2,-12,-2,1,-1,3
2.24,-0.6386871,-0.7971482,-0.04166136,-0.0563953,1.404342,2.692664,0.09190711,-0.1919843,-1.584761,1.847599,-123.0533,81.83871,-0.12,0.04,-1.71,1.77,-0.1497106,0.0457075,-1,1,2,-13,-1,-4,-4,0
2.26,-0.6397877,-0.798507,-0.01357452,-0.002542018,1.856328,3.080296,0.032792,-0.1318711,-2.955756,3.005659,-68.54974,57.903,-0.14,0.12,-0.92,1.22,-0.1490005,0.1303623,0,-1,16,11,3,0,4,0
2.28,-0.6404946,-0.7989875,0.02355202,0.05906389,2.591594,3.803269,-0.02051791,-0.06582625,-2.665495,3.302245,14.51303,14.8293,0.01,-0.04,-1.16,1.77,0.05350725,-0.04312845,-3,-4,21,-1,0,4,0,1
2.3,-0.6405026,-0.798193,0.0753839,0.1351293,-5.009355,-3.953503,-0.04209916,-0.02503957,-1.079062,2.039334,79.32165,-63.14554,0,-0.15,-0.92,1.65,0.06043529,-0.1273831,-3,-4,21,-1,0,4,0,1
2.32,-0.6392916,-0.7956471,-0.0248032,0.05605921,-4.510355,-3.689259,-0.03028086,-0.0279153,0.590915,-0.1437861,83.49887,-109.156,0.14,-0.34,-1.04,1.34,0.1434892,-0.2994286,1,1,-13,-18,-1,0,2,1
2.34,-0.6397666,-0.7944399,-0.1150103,-0.01772597,3.862809,-3.834071,-0.01790873,-0.07027765,0.6186066,-2.118118,1.38458,-98.7166,-0.36,-0.25,-0.43,0.85,-0.3263414,-0.2730525,0,-3,-19,12,0,-2,2,3
2.36,-0.6417584,-0.7947047,-0.03775411,-0.09440739,3.34477,4.423394,-0.04069382,-0.1216457,-1.139255,-2.568404,-87.89306,-22.51428,-0.17,-0.07,-1.1,1.34,-0.1882538,-0.09745785,1,2,-8,2,1,5,8,2
2.38,-0.6421396,-0.7967587,0.02914129,-0.005939514,2.716625,4.701819,-0.07964844,-0.1453741,-1.947731,-1.186418,-40.42381,69.09928,-0.07,0.01,-1.83,1.77,-0.06143398,0.01466095,-4,-10,-36,-8,-5,4,-2,-5
2.4,-0.6413838,-0.797161,0.08347379,0.08809686,-5.982342,5.178425,-0.1012961,-0.1326854,-1.082386,0.6344341,43.26725,91.04262,-0.07,0.01,-1.83,1.77,-0.06143398,0.01466095,-4,-10,-36,-8,-5,4,-2,-5
2.42,-0.6398069,-0.7955561,-0.03617305,0.1916654,-5.827083,-2.96557,-0.1045871,-0.09925554,-0.1645476,1.671493,45.89191,51.85297,-0.07,0.01,-1.83,1.77,-0.06143398,0.01466095,-4,-10,-36,-8,-5,4,-2,-5
2.44,-0.6407743,-0.791746,-0.1527147,0.132354,2.990576,-2.925261,-0.09394389,-0.05593447,0.5321607,2.166054,34.83541,24.72802,0.05,0.16,-1.4,1.89,0.03175151,0.14167,-2,-3,4,-14,-2,9,-1,-15
2.46,-0.6441444,-0.7890207,-0.09290319,0.07384875,3.520187,-3.055518,-0.07059918,0.002229322,1.167235,2.90819,31.75374,37.10679,-0.02,0.26,-1.53,1.59,0.01473149,0.2772317,-2,-2,-13,-24,1,-6,-2,0
2.48,-0.6464262,-0.7873731,-0.02249945,0.0127384,4.231575,-3.341038,-0.0390912,0.06099575,1.575399,2.938321,20.40818,1.506591,0.1,-0.09,-1.22,1.65,0.0905093,-0.03342071,1,0,-14,-9,1,19,-1,1
2.5,-0.647304,-0.7868888,0.06213205,-0.05408235,4.950277,-3.726208,-0.02540429,0.09270521,0.6843452,1.585473,-44.55269,-67.64243,-0.42,0.08,-0.37,1.53,-0.3913309,0.09444913,2,2,-3,-20,1,12,8,1
2.52,-0.646292,-0.7878706,0.1611376,-0.1286065,-3.070535,4.514834,-0.06210847,0.09759103,-1.835209,0.2442911,-125.9777,-67.05909,-0.39,-0.02,-1.22,1.22,-0.3510182,-0.01680174,1,0,-5,7,-1,-2,3,3
2.54,-0.6431048,-0.7907093,0.09972688,-0.03830983,-3.010782,4.963822,-0.09685447,0.08374298,-1.7373,-0.6924026,4.895437,-46.83469,0.52,0.03,-1.46,1.34,0.4830476,-0.02275377,2,-2,-7,-9,3,-10,-4,-6
2.56,-0.6410093,-0.7917283,0.03951125,0.0609666,-3.180143,5.388922,-0.04787586,0.0585456,2.448931,-1.259869,209.3115,-28.3733,0.47,0.03,-0.85,0.98,0.429643,-0.001288232,-4,-8,-4,-42,0,-7,-8,0
2.58,-0.6400352,-0.7901529,-0.0240916,0.168745,-3.488305,-3.618719,0.04064796,0.02715248,4.426191,-1.569656,98.86304,-15.48938,-0.16,-0.16,-0.43,0.43,-0.1370668,-0.1523669,-1,-2,12,41,-5,-3,-4,1
2.6,-0.6402884,-0.7861333,-0.0938577,0.09637064,4.536381,-4.701428,0.07331204,-0.01759947,1.633204,-2.237597,-139.6494,-33.39706,-0.22,-0.21,-1.04,1.4,-0.2286121,-0.2207741,0,5,-5,-1,-3,13,-1,-10
2.62,-0.6418404,-0.7839676,-0.003130085,0.002342088,3.98896,-5.100902,0.04876256,-0.06740189,-1.227474,-2.490121,-143.0339,-12.62617,0.02,-0.07,-1.71,2.81,0.007147104,-0.0789492,-2,-2,0,31,-4,4,1,0
2.64,-0.6415415,-0.7840987,0.07664911,-0.09967595,3.379853,-4.800668,0.01879098,-0.08766182,-1.498579,-1.012997,-13.55525,73.85622,0.03,0.22,-2.08,2.69,0.02139628,0.2008346,0,3,-6,20,2,-4,-3,2
2.66,-0.6398615,-0.7863099,0.1442462,-0.1956893,-5.276582,3.9745,0.004453518,-0.06439961,-0.7168729,1.16311,39.08531,108.8053,0.06,0.03,-1.71,2.62,0.03395864,0.04687931,1,5,12,-3,-3,-2,-5,1
2.68,-0.6371456,-0.7903279,0.03871453,-0.1161993,-4.991814,4.149845,0.01243933,-0.0215558,0.3992904,2.142191,55.80817,48.95403,0.3,0.1,-1.1,1.16,0.254461,0.1285356,-4,-3,5,-10,-2,9,-2,5
2.7,-0.6366826,-0.792594,-0.06112174,-0.03320242,-4.467808,4.05218,0.02389575,0.03352176,0.5728211,2.753878,8.676534,30.58437,-0.37,0.4,-0.92,0.92,-0.3299192,0.3469848,0,0,19,-4,-4,-10,-3,-6
2.72,-0.6383049,-0.793175,-0.1504779,0.04784117,4.614276,3.912069,-0.005635546,0.1160188,-1.476565,4.12485,-102.4693,68.54861,-0.25,0.55,-1.95,1.4,-0.2613273,0.512688,-1,-2,-13,31,-1,25,5,9
2.74,-0.641913,-0.7924326,-0.05819237,0.1260826,5.623194,-4.135389,-0.06524523,0.2151788,-2.980484,4.958004,-75.19596,41.65771,-0.17,0.38,-1.34,1.04,-0.1472949,0.3617069,-2,-3,7,-12,-3,4,0,-5
2.76,-0.6437969,-0.7903426,0.05427151,0.04337477,6.835886,-3.406353,-0.1095232,0.2908869,-2.213901,3.785405,38.32917,-58.62999,0,0.18,-1.28,0.92,-0.02937899,0.2085919,1,4,10,12,-2,1,1,1
2.78,-0.6432624,-0.7897952,0.1909892,-0.02475228,-0.646755,-2.864798,-0.09993062,0.293986,0.4796308,0.1549542,134.6766,-181.5225,0.41,-0.38,-1.16,0.98,0.447948,-0.3552897,1,1,-20,-14,0,-3,3,-4
2.8,-0.6394653,-0.7902204,0.1780541,-0.08204824,-0.6088524,5.426617,-0.006871516,0.2026888,4.652956,-4.564861,208.6662,-235.9908,0.7,-0.33,-1.1,1.16,0.6487373,-0.3341592,1,1,-20,-14,0,-3,3,-4
2.82,-0.6352376,-0.7911838,0.1658771,0.0264841,-1.725432,4.288287,0.1406246,0.05619109,7.374808,-7.324885,136.0926,-138.0012,0.39,-0.39,-1.22,1.4,0.4322632,-0.3679483,1,0,-13,27,0,-9,3,18
2.84,-0.6308528,-0.7895754,0.1313684,0.1122498,-3.517101,-5.924116,0.2704104,-0.09565181,6.48929,-7.592145,-44.27591,-13.36298,0.3,-0.39,-1.77,1.71,0.2901443,-0.4348657,-3,-2,-6,3,1,0,-2,-5
2.86,-0.6271246,-0.786377,0.06102642,-0.006232474,-5.373993,-7.511343,0.3430142,-0.2360298,3.630185,-7.018899,-142.9553,28.66228,0.26,-0.61,-1.83,1.59,0.2592728,-0.5691031,-3,-4,-12,-17,-5,-11,4,-3
2.88,-0.6248909,-0.785964,-0.04645343,-0.1564593,-7.090799,0.009225386,0.341453,-0.3540336,-0.07805973,-5.900188,-185.4122,55.93555,-0.29,-0.44,-1.4,0.67,-0.2445044,-0.4324445,1,1,-15,-35,0,3,14,3
2.9,-0.6249704,-0.7890969,-0.1882694,-0.1562748,-0.1255552,0.02831931,0.261803,-0.4232307,-3.982499,-3.459857,-195.222,122.0165,-0.07,-0.19,-2.01,0.79,-0.1143823,-0.2240897,0,1,8,22,1,-6,-1,-17
2.92,-0.6282381,-0.7927972,-0.1907805,-0.1557084,-0.9716912,1.002458,0.1483654,-0.4077789,-5.671881,0.772588,-84.46907,211.6223,-0.14,0.3,-3.11,0.85,-0.08935775,0.2603611,1,0,-4,-21,-3,20,1,-10
2.94,-0.632165,-0.7967349,-0.2102143,-0.1356593,-0.7828312,2.389812,0.01921294,-0.3023254,-6.457621,5.272679,-39.28702,225.0046,-0.76,0.2,-2.5,1.34,-0.7037191,0.1934386,-1,-1,-9,-15,-2,7,-6,7
2.96,-0.6371308,-0.8003853,-0.225871,-0.08786304,0.5067096,3.969339,-0.13884,-0.1448824,-7.902646,7.872151,-72.25125,129.9736,-0.43,0.43,-3.48,2.62,-0.4755714,0.4321121,-1,4,9,25,-2,4,-2,0
2.98,-0.6427895,-0.8032843,-0.2157368,-0.00847625,2.432224,5.902473,-0.2944252,0.01718135,-7.779261,8.103185,6.169248,11.55169,-0.63,0.16,-2.81,2.56,-0.5881163,0.1973618,-4,-3,6,22,-5,-7,0,-10
3,-0.6482853,-0.8045724,-0.1670923,0.1095732,4.414436,7.805132,-0.4096942,0.1525932,-5.763449,6.770592,100.7906,-66.62965,-0.34,0.42,-2.75,2.99,-0.3658874,0.44945,-1,2,25,1,-1,-3,3,-2
3.02,-0.6526195,-0.8032062,-0.07880358,0.2656759,6.070487,0.8063455,-0.4735081,0.2610324,-3.190699,5.42196,128.6375,-67.43159,-0.5,0.44,-1.46,3.36,-0.4732977,0.4211212,1,-1,11,14,1,0,-3,2
3.04,-0.6549935,-0.7983459,0.04260616,0.2818028,7.396653,1.586796,-0.4871518,0.3405957,-0.6821841,3.978165,125.4258,-72.18976,-0.12,0.32,-1.04,3.91,-0.1969825,0.3210596,-1,1,-14,-3,-4,-7,1,0
3.06,-0.6547284,-0.7928013,0.1905392,0.3135387,-0.03880486,1.753635,-0.4457396,0.3726636,2.07061,1.603395,137.6397,-118.7385,-0.06,0.13,-0.98,3.85,-0.03819648,0.1460528,0,2,6,-15,0,-1,4,-17
3.08,-0.6511543,-0.7862264,0.1897631,0.3486114,0.3533953,1.247144,-0.3687529,0.3463319,3.849338,-1.316582,88.93639,-145.9988,-0.3,0.01,-0.49,3.17,-0.2822364,-0.03517868,0,-2,-9,13,-1,-7,-8,-1
3.1,-0.6471648,-0.7786956,0.196831,0.3735543,0.03135129,0.3054568,-0.2982041,0.2726105,3.52744,-3.686069,-16.09489,-118.4744,-0.1,-0.01,-1.53,3.97,-0.1638127,-0.007704909,1,-4,9,18,-2,-13,-2,8
3.12,-0.6426854,-0.7707157,0.1974581,0.3796634,-0.870279,-0.5570971,-0.2334733,0.1898558,3.236538,-4.137737,-14.54511,-22.58341,0.06,0.14,-1.77,2.69,0.06809293,0.1331002,1,-4,9,18,-2,-13,-2,8
3.14,-0.6381282,-0.762655,0.1800525,0.3685215,-1.882381,-1.349103,-0.1609929,0.138114,3.624021,-2.58709,19.37412,77.53238,0.03,0.26,-1.89,1.65,-0.02520347,0.2615705,0,-1,0,-27,2,12,-2,12
3.16,-0.6341479,-0.7547587,0.1424049,0.3415394,-2.515186,-2.235531,-0.09433577,0.1314693,3.332856,-0.3322341,-14.55823,112.7428,-0.04,0.32,-1.65,0.55,0.0105545,0.3037986,2,0,0,1,1,16,6,10
3.18,-0.6312512,-0.747443,0.09210113,0.2968288,-2.596451,-3.050666,-0.08342446,0.1681223,0.5455654,1.832647,-139.3645,108.2441,-0.87,0.57,-2.87,0.12,-0.8473572,0.5220752,-2,-2,1,2,-1,-18,-11,-2
3.2,-0.6296763,-0.7414266,0.04017212,0.2358155,-2.148184,-3.183908,-0.1642586,0.2427785,-4.041706,3.73281,-229.3636,95.00816,-0.46,0.58,-3.78,0.55,-0.5181066,0.5521063,3,2,7,-4,-2,32,14,5
3.22,-0.6294164,-0.7372946,-0.002791553,0.1721373,-1.23513,-2.195596,-0.2987617,0.3373461,-6.725157,4.728384,-134.1726,49.77866,-0.89,0.63,-2.99,-0.55,-0.8273168,0.5988601,0,2,-1,-17,3,-10,-4,-2
3.24,-0.6301623,-0.7348222,-0.02749415,0.1282254,8.329929,-0.5503786,-0.4522882,0.4261992,-7.676326,4.442655,-47.55843,-14.28645,-0.84,0.54,-4.52,-1.04,-0.9163635,0.5174403,-4,-5,-24,8,-1,13,3,-5
3.26,-0.6313633,-0.7333634,0.1391044,0.1172178,9.416545,1.327391,-0.6000411,0.4777836,-7.387643,2.579218,14.43415,-93.17182,-0.76,0.24,-4.76,0.12,-0.715202,0.2419871,1,3,2,2,-2,-9,9,-2
3.28,-0.6289611,-0.7320846,0.3274353,0.1437656,1.639054,3.134274,-0.7431901,0.4696688,-7.157451,-0.4057378,11.50959,-149.2478,-1.64,0.15,-2.32,-1.65,-1.581246,0.1838745,0,0,6,-6,-2,-2,14,-5
3.3,-0.6223524,-0.7302487,0.3602164,0.2064511,1.539807,4.885197,-0.8766167,0.4094704,-6.67133,-3.009923,24.30604,-130.2093,-0.39,0.06,-2.69,-1.71,-0.4612441,0.05052818,-3,-6,-25,-19,-4,-3,-1,-17
3.32,-0.6147002,-0.7270976,0.3910125,0.3041551,0.803555,6.517076,-0.8982605,0.3185942,-1.082188,-4.543808,279.4571,-76.69425,0.02,0.02,-3.23,1.89,-0.04944267,0.02480404,1,0,4,-15,-3,-5,-7,1
3.34,-0.6062011,-0.7211871,0.4070837,0.4344966,-0.3078877,6.781717,-0.7925063,0.229077,5.287707,-4.475863,318.4948,3.397226,-0.45,0.2,-0.79,1.65,-0.5097346,0.2026065,-4,-1,-15,-13,2,-4,-6,-30
3.36,-0.5973904,-0.7117403,0.4009259,0.5701309,-1.402702,5.488377,-0.652299,0.1481334,7.010368,-4.04718,86.13306,21.43416,-0.2,-0.34,-0.85,2.2,-0.1892848,-0.3139795,-4,-1,-15,-13,2,-4,-6,-30
3.38,-0.588769,-0.699326,0.3728719,0.6798985,-2.392649,3.773651,-0.4938653,0.03902334,7.921687,-5.455501,45.56596,-70.41602,0.24,-0.44,-0.31,2.56,0.2187246,-0.4843522,2,3,19,22,0,-3,0,12
3.4,-0.5805022,-0.6845832,0.3250189,0.7553715,-3.72706,1.835749,-0.3335902,-0.09989303,8.013754,-6.945818,4.603338,-74.51589,-0.47,-0.38,1.71,1.83,-0.4384058,-0.4092909,0,-1,17,11,-2,9,8,3
3.42,-0.5729761,-0.6683162,0.2504777,0.7920865,-5.425871,-0.1245146,-0.259842,-0.1880535,3.68741,-4.408023,-216.3172,126.8898,-0.75,0.54,2.87,2.38,-0.7863294,0.4732963,-2,-5,6,63,2,10,17,-6
3.44,-0.567319,-0.651942,0.1419603,0.7895962,-6.504102,-1.026255,-0.315249,-0.1233932,-2.770351,3.233016,-322.8881,382.052,-1.09,1.08,3.36,2.69,-1.015594,1.052008,0,1,-24,-16,2,-4,-3,3
3.46,-0.5649529,-0.6365488,0.01187825,0.7690711,-5.713251,-0.3488305,-0.4582087,0.09721414,-7.147986,11.03037,-218.8818,389.8675,-0.88,1,1.28,3.97,-0.9517241,1.021879,3,6,5,25,-1,28,2,1
3.48,-0.5663282,-0.6221873,-0.1023868,0.7620945,-3.015391,1.399801,-0.5879296,0.3551345,-6.486045,12.89602,33.09705,93.28261,-0.2,0.49,1.28,4.03,-0.2016587,0.5321359,-2,-1,7,23,-3,-8,-3,-3
3.5,-0.5702674,-0.6078604,-0.1626946,0.7900905,8.54747,2.986094,-0.6099832,0.5044994,-1.10268,7.468245,269.1682,-271.3887,-0.03,-0.19,-2.2,3.42,-0.09177586,-0.1775212,-3,-1,23,-20,6,-9,-3,-4
3.52,-0.5746213,-0.5922032,0.008254824,0.8498124,10.3741,3.255954,-0.5253982,0.4710829,4.22925,-1.670823,266.5965,-456.9534,-0.01,-0.53,-1.53,2.2,0.01394181,-0.4758466,2,3,-19,-24,-3,0,5,0
3.54,-0.5742095,-0.5745944,0.2157368,0.9149315,1.557102,2.221312,-0.3788708,0.2981841,7.326371,-8.64494,154.856,-348.7059,0.24,-0.39,-2.69,1.16,0.2368138,-0.37813,-1,1,3,38,-1,-8,-5,1
3.56,-0.5686195,-0.5552403,0.2468788,0.9593577,-0.5575085,0.4293726,-0.2303964,0.09547561,7.423719,-10.13543,4.867435,-74.52431,-0.41,-0.1,-2.56,0.92,-0.3467031,-0.1259948,-1,-3,11,5,1,9,-3,-3
3.58,-0.5621918,-0.5349801,0.2357286,0.9679452,-3.036653,-1.386426,-0.1606496,-0.03052156,3.487341,-6.299858,-196.8189,191.7784,-0.55,0.47,-2.56,0.61,-0.5359793,0.4418594,-1,1,-9,16,-1,18,6,19
3.6,-0.5565553,-0.5151171,0.1749956,0.9402167,-4.577536,-2.239637,-0.1874519,-0.01108573,-1.340118,0.9717916,-241.373,363.5825,-0.5,0.9,-1.71,0.73,-0.5485047,0.8847592,-2,2,26,-19,2,-5,-3,-6
3.62,-0.5531972,-0.4965068,0.08344486,0.8954239,-4.339792,-1.911939,-0.2668619,0.1400189,-3.970496,7.555233,-131.5189,329.1721,-0.58,0.77,-1.65,2.14,-0.5524492,0.8125717,0,2,0,-4,-1,36,4,3
3.64,-0.5526291,-0.4791685,-0.00335097,0.8571852,-2.491889,-0.9404107,-0.3388125,0.3248966,-3.597534,9.243886,18.6481,84.43268,-0.07,0.43,-1.28,2.2,-0.1271298,0.4468404,1,0,3,-16,-3,-3,-8,-5
3.66,-0.5540443,-0.4625368,-0.05318874,0.838377,8.177678,-0.06069091,-0.35888,0.4380099,-1.003374,5.655662,129.708,-179.4112,-0.26,0.06,-0.31,0.55,-0.2164769,0.07430616,1,0,3,-16,-3,-3,-8,-5
3.68,-0.5559346,-0.4459083,0.1103648,0.8371632,9.560981,0.1849001,-0.3306508,0.431771,1.411459,-0.3119439,120.7417,-298.3803,-0.01,-0.22,-1.59,1.04,-0.04957228,-0.1845558,-1,-5,-12,6,-2,3,-3,1
3.7,-0.5536817,-0.4289602,0.3015844,0.8408612,1.0763,-0.1603453,-0.2746059,0.3380172,2.802247,-4.687691,69.5394,-218.7874,-0.05,0.04,-1.16,0.37,-0.09304717,0.05609962,2,0,-13,-2,-2,2,-5,-1
3.72,-0.5469637,-0.4117396,0.3231104,0.8376543,-0.07033984,-0.845982,-0.2221624,0.2293019,2.622173,-5.435761,-9.003687,-37.40351,-0.38,0.07,-1.04,0.12,-0.323436,0.0673153,-5,-2,-3,-25,0,5,0,0
3.74,-0.5397065,-0.3946092,0.3217036,0.8207347,-1.39995,-1.4872,-0.1968257,0.1480613,1.266837,-4.062032,-67.7668,68.68644,-0.11,0.14,-1.04,-0.18,-0.158607,0.1244385,0,0,4,-14,-1,9,2,-6
3.76,-0.5326792,-0.378013,0.2937046,0.7909907,-2.39353,-1.796983,-0.1869146,0.1165314,0.495553,-1.576497,-38.56421,124.2767,-0.18,0.51,-0.67,-0.24,-0.2019266,0.4586863,-2,-4,-27,8,3,-23,-5,4
3.78,-0.5265751,-0.362122,0.245834,0.755051,-2.779142,-1.918284,-0.1912809,0.1480724,-0.2183147,1.577053,-35.69339,157.6775,-0.43,0.44,-0.31,0.12,-0.3855088,0.4441722,0,-1,13,-20,0,3,-4,-3
3.8,-0.5218883,-0.3470518,0.1902512,0.7166854,-2.393394,-1.864912,-0.2280205,0.2209598,-1.836979,3.644367,-80.9332,103.3657,-0.55,0.46,-0.06,0.55,-0.5420351,0.4889794,3,0,-2,6,-2,-3,0,10
3.82,-0.5186142,-0.3329825,0.1423833,0.6793871,-1.501976,-1.415539,-0.3148138,0.3036451,-4.339666,4.134269,-125.1344,24.49512,-0.94,0.49,0.37,2.26,-0.9322423,0.4770271,-3,-2,23,30,0,0,4,-7
3.84,-0.5163689,-0.3200212,0.1123438,0.6510763,-0.4907188,-0.3540561,-0.4052849,0.3686598,-4.523554,3.250735,-9.194422,-44.17673,0.18,0.3,-0.79,3.91,0.1114264,0.2993613,-1,0,-6,22,-2,8,-5,-15
3.86,-0.5145963,-0.3076526,0.1025294,0.6439952,0.3044286,0.7522255,-0.4201276,0.3938977,-0.7421359,1.261893,189.0709,-99.44209,-0.32,0.25,-0.06,3.54,-0.268982,0.2528484,-1,-7,-41,-18,0,2,2,-3
3.88,-0.5127301,-0.2948791,0.108618,0.6590397,0.6130958,0.9339941,-0.3770055,0.3803192,2.156109,-0.6789237,144.9122,-97.04083,-0.15,0.23,0.18,3.6,-0.1609749,0.207131,2,3,-6,17,-1,4,2,0
3.9,-0.5104585,-0.2813855,0.1208799,0.6777195,0.4470266,0.4066046,-0.3241286,0.3441539,2.643843,-1.808265,24.38672,-56.46706,-0.27,0.19,-0.18,3.23,-0.2306045,0.2149714,0,0,-17,-20,0,5,0,2
3.92,-0.5077767,-0.2674484,0.1298204,0.6858516,0.004714019,-0.2402186,-0.2791087,0.3254518,2.250996,-0.9351075,-19.64233,43.65787,-0.29,0.78,0.61,2.62,-0.2621545,0.7196947,0,5,28,24,-3,-7,-2,6
3.94,-0.5050438,-0.2534049,0.1299147,0.6810473,-0.2240186,-0.7907431,-0.2729548,0.3780493,0.3076956,2.629878,-97.16504,178.2493,-0.66,0.99,1.1,2.56,-0.7080817,0.9869888,-1,0,-6,-8,3,-15,-3,-6
3.96,-0.5028288,-0.2397369,0.1254343,0.6652324,0.4192649,-0.8661367,-0.3187265,0.5030986,-2.288586,6.252465,-129.8141,181.1294,-0.49,0.95,0.85,2.62,-0.4713029,0.9684777,-1,0,-6,-8,3,-15,-3,-6
3.98,-0.5012304,-0.2267589,0.1338196,0.6479097,1.94867,-0.3062817,-0.3632363,0.6423805,-2.225492,6.964097,3.154719,35.58159,-0.04,0.76,0.24,2.93,-0.1010862,0.774515,-2,-3,20,20,-4,-15,-5,-8
4,-0.4995681,-0.2141165,0.172793,0.6417841,3.652167,0.2382735,-0.3416994,0.7295284,1.076844,4.357392,165.1168,-130.3352,0.18,0.44,0.18,3.48,0.1619055,0.4562321,-2,-3,0,-20,-2,-10,-4,-2
4.02,-0.4967472,-0.2011197,0.2458364,0.6465495,4.718048,-0.02523319,-0.2449121,0.7275079,4.839365,-0.1010209,188.1261,-222.9206,0.29,0.27,0.31,2.5,0.2789322,0.2582529,-2,-2,4,-15,1,-6,-3,-5
4.04,-0.4918158,-0.1874848,0.3401973,0.6460449,4.693336,-1.20914,-0.1225257,0.6574081,6.119321,-3.504995,63.99777,-170.1987,-0.1,0.5,-1.34,1.83,-0.0782977,0.4392779,-3,-3,-9,-26,0,-3,-4,0
4.06,-0.4845009,-0.1736752,0.4340641,0.6218621,3.835963,-2.705802,-0.01728918,0.5771158,5.261826,-4.014611,-42.87474,-25.48083,0.37,0.5,-0.61,0.98,0.3640098,0.4996644,1,2,-11,2,-1,-2,-2,-2
4.08,-0.475235,-0.1604729,0.5107833,0.567746,2.853939,-3.992692,0.06802674,0.5320076,4.265796,-2.255413,-49.80149,87.95992,-0.01,0.78,-0.85,0.92,0.008587069,0.7480419,-3,-5,-9,14,1,-6,-8,-2
4.1,-0.4646913,-0.1484971,0.5678621,0.4878922,2.30224,-5.036264,0.125185,0.53613,2.857914,0.2061218,-70.39411,123.0767,0.24,0.71,-1.22,1.34,0.220389,0.7025444,-2,-2,-12,-17,3,-7,3,-1
4.12,-0.453364,-0.1383238,0.6139069,0.3871669,2.352659,-5.735294,0.1234997,0.5773703,-0.08426756,2.062017,-147.1091,92.79475,-0.63,0.8,-1.53,1.83,-0.594524,0.8414083,3,2,6,-1,2,15,7,1
4.14,-0.4413853,-0.1305934,0.6609601,0.2724611,2.857052,-5.714683,0.03735566,0.6435153,-4.3072,3.30725,-211.1466,62.26168,-0.37,0.93,-2.44,2.08,-0.3867199,0.9182835,-1,-3,4,9,6,-5,1,4
4.16,-0.4286463,-0.1257705,0.7181012,0.1581674,3.666048,-4.661164,-0.08275367,0.7200298,-6.005467,3.825724,-84.91335,25.92369,-0.16,0.85,-1.34,2.01,-0.1678428,0.8495198,-1,0,-18,-25,-8,-3,1,6
4.18,-0.41484,-0.1234792,0.7914221,0.06494412,4.601874,-3.19212,-0.1654655,0.7885167,-4.13559,3.424344,93.49384,-20.06903,-0.11,0.94,-1.22,1.71,-0.1210663,0.9316663,-1,-4,5,22,-1,9,-4,1
4.2,-0.3995093,-0.12278,0.8834596,0.001101728,5.439523,-2.180666,-0.193529,0.8363783,-1.403178,2.393079,136.6206,-51.56324,0.04,0.71,-1.16,1.1,0.02157144,0.7485719,0,0,-8,43,2,-1,1,2
4.22,-0.3821882,-0.1229609,0.9922501,-0.0425116,6.024913,-1.837292,-0.1710287,0.8530843,1.125018,0.8353025,126.4098,-77.88882,0.08,0.75,-1.59,1.34,0.09073397,0.7685879,-2,-2,-6,-4,-1,5,4,2
4.24,-0.3624647,-0.1236471,1.112748,-0.07925744,6.229244,6.295846,-0.1320641,0.8344893,1.948225,-0.929752,41.16036,-88.25272,-0.32,0.51,-1.16,1.22,-0.2823967,0.5454017,-2,0,-15,-11,-1,3,3,-5
4.26,-0.3400744,-0.1249492,1.237333,0.04665948,6.001809,5.819245,-0.1264837,0.7926311,0.2790205,-2.09291,-83.46025,-58.15789,-0.36,0.82,-1.16,1.22,-0.3486321,0.7694479,0,1,27,24,0,-1,-3,-12
4.28,-0.3150232,-0.1239761,1.357369,0.1630444,5.489846,-2.657282,-0.1483912,0.7545912,-1.095375,-1.901993,-68.71976,9.545833,-0.01,0.71,-2.14,2.2,-0.06065647,0.7078881,0,-2,-9,-7,-2,1,3,27
4.3,-0.2875991,-0.1208748,1.467166,0.1098988,5.024587,-2.389676,-0.1409049,0.7296935,0.3743187,-1.244885,73.48467,32.85542,0.24,0.67,-0.85,1.59,0.2722186,0.6989782,-2,1,9,33,1,0,-4,-6
4.32,-0.2580746,-0.1186228,1.567658,0.06210524,4.720069,-2.481117,-0.1018603,0.703788,1.95223,-1.295277,78.89558,-2.519637,-0.32,0.49,-1.28,1.34,-0.2808421,0.5168109,2,-1,-31,-17,3,-1,-2,3
4.34,-0.2265329,-0.1170972,1.662059,0.0124829,4.403224,-2.958478,-0.0807799,0.673475,1.054018,-1.515648,-44.91061,-11.01851,-0.07,0.73,-1.71,1.04,-0.07727159,0.7016379,-1,-4,-21,-3,-5,-7,-3,-3
4.36,-0.1930712,-0.1166944,1.750124,-0.04668666,4.032474,-3.216379,-0.0585229,0.6559001,1.11285,-0.8787453,2.941585,31.84512,0.39,0.7,-1.77,0.85,0.3699926,0.7160093,2,-3,7,8,-5,29,13,12
4.38,-0.157941,-0.1174664,1.830773,-0.1110143,3.817522,4.920155,-0.03053571,0.656211,1.399359,0.01554191,14.32549,44.71436,-0.57,0.68,-1.34,0.98,-0.5274088,0.684049,-2,-3,3,3,4,-5,-3,6
4.4,-0.1213278,-0.1194833,1.907124,-0.01261116,3.821323,4.577909,-0.03922419,0.672252,-0.4344235,0.802052,-91.68916,39.32551,0.11,0.86,-1.28,0.24,0.07596997,0.8851457,-3,1,5,-23,-1,3,8,-6
4.42,-0.08330192,-0.1197985,1.98355,0.07894702,4.017516,4.683904,-0.06020993,0.7004104,-1.049287,1.407921,-30.74318,30.29346,-0.15,0.67,-0.49,-1.89,-0.1437082,0.6740459,1,3,9,-10,-2,-5,0,-2
4.44,-0.08350664,-0.119951,1.98355,0.07894702,4.017516,4.683904,-0.06616411,0.7099872,-0.297709,0.4788369,37.57891,-46.45422,0.06,0.51,-1.04,-0.55,0.06526728,0.4758027,2,3,18,-11,-2,-7,-7,12
4.46,-0.04505795,-0.1183922,1.98355,0.07894702,4.017516,4.683904,-0.04369901,0.6680492,1.123255,-2.096897,71.04819,-128.7867,0.33,0.19,-1.1,0.12,0.2989711,0.2031101,0,1,24,7,3,47,-3,-3
4.48,-0.008465702,-0.1163564,1.98355,0.07894702,4.017516,4.683904,-0.01692955,0.581312,1.338473,-4.336861,10.76093,-111.9982,-0.53,0.36,-2.56,-0.12,-0.4972243,0.3570724,-2,-4,-7,8,1,-17,-5,-13
4.5,0.02557166,-0.1138603,1.98355,0.07894702,4.017516,4.683904,-0.04557433,0.483972,-1.432239,-4.867002,-138.5356,-26.50709,-0.23,0.22,-2.75,-0.85,-0.2785642,0.2226591,-1,1,2,11,2,39,14,0
4.52,0.05553314,-0.1113375,1.98355,0.07894702,4.017516,4.683904,-0.07957177,0.3975062,-1.699872,-4.323286,-13.38162,27.18582,0.49,0.3,-1.71,-0.61,0.4404749,0.2969233,0,2,-8,-10,-3,-25,-4,-3
4.54,0.08394529,-0.108671,1.98355,0.07894702,4.017516,4.683904,-0.05489711,0.3411834,1.233733,-2.816141,146.6802,75.35727,-0.05,0.49,-1.04,-0.43,-0.02335237,0.4744223,0,-1,-34,-6,4,-16,0,-8
4.56,0.1116597,-0.1055081,1.98355,0.07894702,4.017516,4.683904,-0.03303821,0.319223,1.092945,-1.098023,-7.03938,85.90586,-0.37,0.21,-0.55,-1.28,-0.4025799,0.2433876,1,0,8,35,0,-9,1,7
4.58,0.166376,-0.09951978,1.444198,0.2393873,-0.3001985,-3.800107,-0.08418783,0.3115189,-2.557481,-0.385204,-182.5213,35.64097,-0.6,0.39,-0.79,-2.32,-0.6454501,0.3828145,-2,-1,4,-5,-5,15,4,1
4.6,0.195316,-0.09510377,1.438194,0.1633852,-0.394421,-3.174578,-0.1702789,0.3113351,-4.304554,-0.009186566,-87.35364,18.80087,0.02,0.33,-1.46,-1.59,0.03583843,0.3152101,0,1,9,9,2,6,4,7
4.62,0.2240812,-0.09246177,1.430305,0.09989364,-0.3966679,-2.121696,-0.20738,0.3037187,-1.855054,-0.3808215,122.475,-18.58175,0.02,0.04,-0.98,-2.69,0.00623545,0.06896389,0,1,9,9,2,6,4,7
4.64,0.2527427,-0.09073331,1.422372,0.05745973,-0.4898189,-1.668218,-0.1924122,0.2659672,0.7483878,-1.887575,130.1721,-75.33766,-0.18,0,-1.22,-2.69,-0.1578377,0.02459644,-2,-3,7,7,-4,14,26,5
4.66,0.2814647,-0.08947485,1.412576,0.02409537,-0.951528,-1.851102,-0.1864499,0.1941663,0.2981156,-3.590046,-22.51361,-85.12356,-0.5,-0.19,-0.79,-3.48,-0.4905355,-0.2082479,2,-1,4,4,3,-13,3,7
4.68,0.3102383,-0.08894853,1.393545,-0.01292667,-1.829663,-1.923882,-0.1971383,0.08759994,-0.5344205,-5.328318,-41.6268,-86.91361,0.11,-0.39,-1.34,-4.46,0.09785182,-0.3760049,2,2,-7,-7,1,29,-5,11
4.7,0.3388838,-0.08928272,1.356952,-0.05140432,-3.132972,6.615321,-0.1651484,-0.0421137,1.599497,-6.485682,106.6959,-57.86819,0.36,-0.35,-2.44,-1.22,0.3136742,-0.365041,2,3,-6,-18,-1,-7,-5,0
4.72,0.3669656,-0.09007609,1.294292,0.08090211,-4.71936,6.224188,-0.101715,-0.157025,3.171671,-5.745565,78.60872,37.00583,-0.37,-0.12,-2.01,0.98,-0.351792,-0.1704226,-1,0,1,12,-1,1,-8,4
4.74,0.3936864,-0.08799548,1.199905,0.2053859,-6.124539,-2.960345,-0.08608276,-0.2416313,0.7816103,-4.230312,-119.503,75.76266,-0.37,-0.52,-0.85,-0.37,-0.3543557,-0.5311532,-2,-3,-10,-13,3,-4,-1,2
4.76,0.4182995,-0.08377331,1.077414,0.146179,-7.159471,-3.151438,-0.1001377,-0.3220102,-0.7027473,-4.018947,-74.21788,10.56828,0.31,-0.58,-1.4,1.34,0.2448476,-0.5741827,-1,-1,-4,15,-3,-9,-5,-6
4.78,0.4404319,-0.08095074,0.9342248,0.08315023,-8.142517,-2.979753,-0.07335777,-0.4115961,1.338997,-4.479297,102.0872,-23.0175,0.16,-0.69,-2.01,2.14,0.1944588,-0.6935568,0,3,16,11,-5,-16,-12,-9
4.8,0.4597672,-0.07909229,0.7713745,0.02355518,-9.237891,-3.307074,-0.009538094,-0.5139546,3.190984,-5.117926,92.59935,-31.93147,0.2,-0.99,-0.85,1.4,0.1707225,-0.9488382,-1,-5,-17,-6,0,2,1,12
4.82,0.4759382,-0.07815713,0.5866167,-0.0425863,-10.48963,-4.087492,0.05189838,-0.6156358,3.071824,-5.084059,-5.958009,1.693368,0.07,-0.56,-1.16,1.28,0.07732046,-0.5774838,-1,0,-4,-18,0,4,2,5
4.84,0.488409,-0.07856287,0.3768241,-0.1243361,-11.73314,3.5696,0.08002173,-0.6588466,1.406168,-2.160537,-83.2828,146.1761,-0.12,-0.19,-1.28,1.83,-0.1631151,-0.2113936,-1,-5,-15,7,1,10,13,-12
4.86,0.4962594,-0.08084566,0.1421613,-0.05294412,-12.26159,3.225654,0.03606288,-0.6008074,-2.197943,2.901959,-180.2055,253.1248,-0.73,0.13,-0.37,0.79,-0.6837239,0.08367089,-3,-2,-6,-24,-1,-9,2,1
4.88,0.4986806,-0.08222376,-0.1030705,0.01156895,-11.55176,3.763267,-0.0992122,-0.4545989,-6.763754,7.310423,-228.2906,220.4232,-0.76,0.18,-1.71,1.1,-0.7888995,0.1914278,2,2,1,-9,1,19,6,-3
4.9,0.4955548,-0.0829777,-0.3341058,0.08683427,-1.355385,-2.990949,-0.2892797,-0.2694726,-9.503377,9.256317,-136.9812,97.29469,-0.82,0.18,-2.2,1.71,-0.8132523,0.1693329,0,-3,19,32,2,18,3,2
4.92,0.487524,-0.08263026,-0.3612135,0.02701529,0.9086851,-0.6664552,-0.4373698,-0.1143127,-7.404502,7.757992,104.9438,-74.91624,0.14,-0.26,-1.71,0.85,0.07444898,-0.2182173,-1,0,0,-24,-1,-17,-10,-1
4.94,0.479169,-0.08317634,-0.3430398,0.01368618,2.806201,1.144876,-0.4534441,-0.0566217,-0.803715,2.884551,330.0394,-243.6721,0.19,-0.62,-1.53,0.49,0.1452229,-0.5937425,-1,0,0,-24,-1,-17,-10,-1
4.96,0.4718878,-0.08302312,-0.2869158,0.0365837,3.511976,1.341201,-0.3437513,-0.1191333,5.484641,-3.125582,314.4178,-300.5067,0.44,-0.82,-1.34,0.67,0.3705098,-0.7908956,1,1,0,13,-1,13,4,10
4.98,0.4666045,-0.0814909,-0.2166763,0.06340771,2.747231,-0.0002261133,-0.1770134,-0.2752067,8.336891,-7.803671,142.6125,-233.9045,0.16,-1.03,-1.28,0.92,0.1836934,-1.017768,-2,-5,-8,14,1,-8,-8,2
5,0.463405,-0.07900632,-0.1617317,0.06340319,0.8385172,-2.039585,-0.03254059,-0.4781946,7.223642,-10.14939,-55.66244,-117.2862,-0.14,-0.99,-0.85,0.67,-0.09180577,-1.010666,0,2,-17,-9,1,-17,3,-3
5.02,0.4616438,-0.07668687,-0.1449613,0.0226115,-1.643902,-3.806452,0.04181036,-0.6704842,3.717547,-9.614478,-175.3047,26.7458,-0.04,-0.87,-1.46,0.98,-0.05876566,-0.877886,-2,-3,-7,4,-2,0,-6,7
5.04,0.46014,-0.07569529,-0.1778394,-0.05351754,-3.995735,-4.715644,0.06507415,-0.7919161,1.163189,-6.071598,-127.7179,177.144,0.12,-0.48,-1.77,2.01,0.08821099,-0.4977789,0,-1,-4,30,-2,13,4,-1
5.06,0.4574649,-0.07659764,-0.2577541,-0.1478304,-5.481286,3.408461,0.07729908,-0.8159481,0.6112468,-1.2016,-27.59713,243.4999,0.14,-0.52,-0.55,1.46,0.1596248,-0.5205754,-2,0,7,-25,-1,13,0,-10
5.08,0.4524843,-0.07946564,-0.3673798,-0.07966118,-5.775039,3.258951,0.08856491,-0.7669716,0.5632915,2.448827,-2.397764,182.5213,-0.02,-0.38,-0.37,1.34,0.0156152,-0.4069933,0,0,18,-21,5,-5,0,-1
5.1,0.4447806,-0.08097637,-0.4828805,-0.01448216,-5.175962,3.121171,0.08728779,-0.6816982,-0.06385595,4.263669,-31.35737,90.74213,-0.02,-0.38,-0.37,1.34,0.0156152,-0.4069933,0,0,18,-21,5,-5,0,-1
5.12,0.4345029,-0.08127429,-0.5863998,0.04794126,-4.133092,3.13679,0.07343414,-0.5890691,-0.6926827,4.631454,-31.44134,18.38923,-0.02,-0.38,-0.37,1.34,0.0156152,-0.4069933,0,0,18,-21,5,-5,0,-1
5.14,0.4221013,-0.08041527,-0.6690616,0.1106771,-3.000278,-5.102396,0.03171873,-0.5119396,-2.08577,3.856477,-69.65437,-38.74884,-0.56,-0.42,-0.24,1.16,-0.5096804,-0.4508802,1,1,10,-3,-1,8,-1,4
5.16,0.408159,-0.07850464,-0.7290671,0.008629148,-2.05671,-4.592226,-0.07301058,-0.4502113,-5.236466,3.086412,-157.5348,-38.50327,-0.68,-0.2,-1.34,2.08,-0.6948699,-0.223201,-1,-6,3,-32,-1,-10,1,19
5.18,0.3931288,-0.07909369,-0.7702014,-0.08321536,-1.302011,-3.311553,-0.1997518,-0.382976,-6.337063,3.361766,-55.02987,13.76771,-0.02,-0.09,-2.5,3.17,-0.02347336,-0.1041885,1,1,-11,7,-2,-4,-8,12
5.2,0.3772355,-0.08168072,-0.7962416,-0.1494464,-0.4793864,6.647044,-0.267921,-0.3042824,-3.40846,3.93468,146.4302,28.64569,-0.18,-0.1,-1.65,1.89,-0.1837045,-0.111281,0,4,1,-5,2,1,-5,-13
5.22,0.360738,-0.08516761,-0.8058293,-0.01650553,0.4828227,7.48081,-0.2962334,-0.2255072,-1.415618,3.938759,99.6421,0.2039552,-0.57,0.01,-1.16,0.92,-0.5677762,-0.0217228,-1,0,5,-26,-1,-2,-7,-13
5.24,0.3440477,-0.08570614,-0.7961729,0.1331107,1.446517,7.827152,-0.342768,-0.1685743,-2.326728,2.846646,-45.55553,-54.60564,-0.55,-0.34,-1.53,1.4,-0.5725693,-0.3529906,0,1,-2,-19,-4,-5,-2,0
5.26,0.3277099,-0.08338425,-0.7672425,0.2896537,2.142596,-0.01216988,-0.3882872,-0.1587307,-2.275965,0.4921824,2.53818,-117.7232,-0.15,-0.36,-1.77,2.81,-0.1487743,-0.3401757,-4,0,-3,8,-2,-5,-5,-29
5.28,0.3122933,-0.07792231,-0.7243906,0.2894103,2.26315,0.5443303,-0.4016776,-0.1797116,-0.6695181,-1.049048,80.32233,-77.06151,-0.53,-0.14,-1.4,2.69,-0.4880124,-0.1613288,-1,1,15,24,2,-3,4,-4
5.3,0.2979583,-0.07223068,-0.6791276,0.3002969,2.006367,0.7081826,-0.4026388,-0.2036801,-0.04806072,-1.198426,31.07287,-7.468909,-0.31,-0.35,-2.38,3.05,-0.3599932,-0.351901,-1,0,-21,8,-7,-9,-1,-1
5.32,0.28455,-0.06623098,-0.6390002,0.3144605,1.713379,0.7201264,-0.380743,-0.2383144,1.094791,-1.731715,57.1426,-26.66448,0.12,-0.46,-2.38,3.66,0.0823269,-0.4448295,-1,0,4,-8,0,24,-5,-16
5.34,0.272022,-0.05978134,-0.6047326,0.3288631,1.289759,0.4521397,-0.2985633,-0.2877759,4.108985,-2.473074,150.7097,-37.06794,0.22,-0.43,-0.85,1.46,0.2203459,-0.4146387,-1,0,4,-8,0,24,-5,-16
5.36,0.2602872,-0.05260538,-0.5789375,0.3379059,0.6847439,-0.5529913,-0.1855624,-0.3496487,5.650043,-3.093639,77.0529,-31.02825,-0.17,-0.71,-0.18,-1.04,-0.1438702,-0.6909046,0,-4,-10,24,2,-2,8,0
5.38,0.2491583,-0.04502499,-0.5652426,0.3268461,-0.07180885,-1.934706,-0.1179189,-0.4262701,3.382176,-3.831071,-113.3934,-36.87158,-0.45,-0.56,-1.1,-0.73,-0.4132504,-0.6034443,-2,0,4,-14,-4,-10,-6,5
5.4,0.2384104,-0.03799552,-0.5666788,0.2881519,-1.009015,-2.76216,-0.1238786,-0.49779,-0.2979856,-3.575994,-184.0081,12.75382,-0.32,-0.51,-3.17,1.65,-0.3516428,-0.5407633,0,1,14,3,-1,-12,10,2
5.42,0.2275968,-0.0322751,-0.586859,0.2329088,-1.883898,-2.68938,-0.1661578,-0.5321836,-2.113955,-1.719679,-90.7985,92.81577,-0.26,-0.27,-2.56,1.04,-0.2319273,-0.2892652,1,1,-3,-14,4,-15,0,1
5.44,0.2161096,-0.02792399,-0.624537,0.1791212,-2.304546,-2.172082,-0.2073316,-0.5024769,-2.058695,1.485333,2.763045,160.2506,-0.28,0.03,-1.59,1.46,-0.2909224,0.001181739,-4,0,0,-17,-4,0,-8,-19
5.46,0.2034027,-0.02464123,-0.6706279,0.1356795,-1.941004,-1.668591,-0.2452203,-0.426445,-1.894432,3.801598,8.213115,115.8133,-0.39,-0.45,-0.55,2.38,-0.3979117,-0.3915636,-1,0,35,-5,2,0,-8,3
5.48,0.1894373,-0.02220409,-0.709448,0.1023077,-1.011255,-1.205408,-0.2860518,-0.3615561,-2.041573,3.244446,-7.357037,-27.85758,-0.38,-0.33,-0.55,2.56,-0.3753081,-0.3278151,1,3,-17,7,4,8,8,3
5.5,0.1747763,-0.02045582,-0.7296731,0.07819954,-0.2173719,-0.7060184,-0.3166152,-0.3281861,-1.528174,1.668498,25.66997,-78.79742,-0.23,-0.38,-1.4,3.36,-0.2228991,-0.367452,2,1,-12,-14,-4,3,5,1
5.52,0.1599402,-0.01911468,-0.7340205,0.06407917,0.190578,-0.332035,-0.3385148,-0.3075907,-1.094978,1.029769,21.6598,-31.93647,-0.63,-0.13,-0.37,2.44,-0.594234,-0.1593375,-3,0,-9,5,0,-7,-7,-8
5.54,0.14511,-0.01799249,-0.730209,0.05743847,0.4425133,-0.0644231,-0.3658651,-0.2745234,-1.367514,1.653366,-13.62681,31.17986,-0.26,-0.08,-0.73,1.83,-0.3020935,-0.04700331,0,-4,-4,40,-3,-9,-3,7
5.56,0.1448697,-0.01819202,-0.730209,0.05743847,0.4425133,-0.0644231,-0.373925,-0.2183194,-0.4029974,2.810199,48.22582,57.84165,-0.1,0.03,-0.43,1.71,-0.1481732,0.02105338,2,0,-16,-33,-5,-6,0,7
5.58,0.131391,-0.01720032,-0.730209,0.05743847,0.4425133,-0.0644231,-0.3524264,-0.1471712,1.074928,3.557413,73.89628,37.36072,-0.32,0.12,-0.37,2.44,-0.3453085,0.074709,4,4,20,-1,-2,2,6,-7
5.6,0.1195016,-0.01610814,-0.730209,0.05743847,0.4425133,-0.0644231,-0.3260525,-0.07681803,1.318698,3.517657,12.18848,-1.987815,-0.18,-0.01,-0.24,2.38,-0.2284042,0.007376717,4,4,20,-1,-2,2,6,-7
5.62,0.1080384,-0.01499494,-0.730209,0.05743847,0.4425133,-0.0644231,-0.2890748,-0.03374101,1.848885,2.153851,26.50939,-68.19029,0.08,-0.22,0.24,1.65,0.01829944,-0.2129896,-2,-2,-10,1,0,-8,-8,-6
5.64,0.09641992,-0.01375589,-0.730209,0.05743847,0.4425133,-0.0644231,-0.2316576,-0.05376132,2.870859,-1.001016,51.0987,-157.7433,-0.13,-0.65,-0.55,1.53,-0.1140809,-0.6095874,-3,-3,-10,-20,-1,-5,1,-15
5.66,0.08480978,-0.01231618,-0.730209,0.05743847,0.4425133,-0.0644231,-0.1499877,-0.1395936,4.083496,-4.291615,60.63181,-164.53,0.49,-0.41,0.12,1.04,0.4414659,-0.4300325,-3,-2,26,4,0,1,-2,-1
5.68,0.07312231,-0.01064671,-0.730209,0.05743847,0.4425133,-0.0644231,-0.06267026,-0.2416978,4.365871,-5.105207,14.11879,-40.6796,-0.42,-0.4,0,0.24,-0.3467052,-0.3869755,0,0,-22,-22,-4,-16,-7,3
5.7,0.06091962,-0.008880488,-0.730209,0.05743847,0.4425133,-0.0644231,-0.04565874,-0.3198816,0.8505762,-3.909191,-175.7648,59.80083,-0.58,-0.38,-1.34,0.98,-0.5608705,-0.3690654,2,0,19,19,0,-13,-2,2
5.72,0.04788953,-0.007547011,-0.730209,0.05743847,0.4425133,-0.0644231,-0.08087419,-0.3645718,-1.760773,-2.234513,-130.5674,83.73392,0.41,-0.27,-1.4,0.55,0.341085,-0.2896522,-1,-3,-2,19,1,23,3,3
5.74,0.03396129,-0.006507041,-0.730209,0.05743847,0.4425133,-0.0644231,-0.08288162,-0.3810983,-0.1003716,-0.8263215,83.02006,70.40955,-0.13,-0.39,-0.43,-0.06,-0.1128786,-0.3917176,0,1,-8,5,-1,5,4,-4
5.76,0.0191771,-0.005170373,-0.730209,0.05743847,0.4425133,-0.0644231,-0.0656771,-0.3831957,0.8602262,-0.1048699,48.02989,36.07258,-0.02,-0.34,-1.89,2.14,-0.05251027,-0.3205827,-4,-3,-21,-9,-2,-1,2,2
5.78,0.004099807,-0.003200789,-0.730209,0.05743847,0.4425133,-0.0644231,-0.06581895,-0.3628239,-0.00709258,1.018588,-43.36594,56.17291,-0.2,-0.01,-0.98,1.59,-0.2313021,-0.0359409,0,1,-10,-4,-6,7,-1,-23
5.8,-0.01181873,0.0008645047,-0.730209,0.05743847,0.4425133,-0.0644231,-0.09306566,-0.3029857,-1.362335,2.991912,-67.76214,98.66618,-0.35,0.06,-0.61,0.98,-0.3372765,0.02109923,-4,-7,-20,-28,0,3,-2,0
5.82,-0.01929752,0.004074925,-0.730209,0.05743847,0.4425133,-0.0644231,-0.1460102,-0.2138112,-2.647225,4.458725,-64.24449,73.34065,-0.37,0.1,-0.92,1.1,-0.323609,0.07689991,-2,-3,3,-28,0,-5,-4,0
5.84,-0.02850676,0.006942762,-0.730209,0.05743847,0.4425133,-0.0644231,-0.1912266,-0.1202846,-2.260824,4.676328,19.32004,10.88016,0.05,0.02,-0.92,0.92,-0.01526239,0.0465416,1,3,-15,-41,1,-3,2,-1
5.86,-0.03729422,0.009714849,-0.730209,0.05743847,0.4425133,-0.0644231,-0.2044929,-0.05308999,-0.6633126,3.359731,79.8756,-65.82984,-0.21,-0.21,-0.67,0.67,-0.2162919,-0.1916314,1,2,-2,-36,-2,5,3,7
5.88,-0.04510825,0.01246237,-0.730209,0.05743847,0.4425133,-0.0644231,-0.1871051,-0.04662355,0.8693897,0.3233222,76.63511,-151.8205,0.21,-0.46,-1.71,2.08,0.1482216,-0.4518291,-3,2,33,14,-1,1,5,1
5.9,-0.05168685,0.0151786,-0.730209,0.05743847,0.4425133,-0.0644231,-0.1367311,-0.1164823,2.518698,-3.492938,82.46542,-190.813,0.07,-0.71,-0.92,1.65,0.07801367,-0.6744733,-2,-2,-11,24,-4,24,1,15
5.92,-0.05696045,0.01789771,-0.730209,0.05743847,0.4425133,-0.0644231,-0.07077535,-0.234936,3.29779,-5.922684,38.95459,-121.4873,0.05,-0.44,-0.98,1.46,0.04151334,-0.4881106,-2,-2,-11,24,-4,24,1,15
5.94,-0.0611574,0.02050974,-0.730209,0.05743847,0.4425133,-0.0644231,0.002975076,-0.3470186,3.687521,-5.604131,19.48658,15.92767,0.52,-0.43,-1.16,2.5,0.4513913,-0.4558291,-1,-4,35,7,2,-8,-1,-4
5.96,-0.06467462,0.02295961,-0.730209,0.05743847,0.4425133,-0.0644231,0.07630376,-0.4159256,3.666434,-3.445351,-1.05437,107.939,-0.13,-0.29,-0.55,1.83,-0.1291035,-0.2870893,4,5,15,9,0,4,4,5
5.98,-0.0677609,0.02517994,-0.730209,0.05743847,0.4425133,-0.0644231,0.08497608,-0.4293837,0.433616,-0.6729051,-161.6409,138.6223,-0.54,-0.22,-1.59,2.2,-0.4817379,-0.1908075,-2,-3,-3,-35,-3,5,0,-4
6,-0.07050157,0.0267106,-0.730209,0.05743847,0.4425133,-0.0644231,0.009148706,-0.3918855,-3.791369,1.87491,-211.2492,127.3908,-0.29,-0.07,-1.28,1.83,-0.3036834,-0.09250472,0,-2,-5,10,-4,-7,-7,24
6.02,-0.07289016,0.02741502,-0.730209,0.05743847,0.4425133,-0.0644231,-0.08811469,-0.3151897,-4.86317,3.834789,-53.59007,97.99391,-0.18,0.05,-0.98,1.1,-0.1742835,0.07104073,0,2,2,40,0,-8,-3,-21
6.04,-0.07486903,0.02774947,-0.730209,0.05743847,0.4425133,-0.0644231,-0.1506476,-0.210321,-3.126644,5.243436,86.82632,70.43239,-0.02,0.18,-1.28,1.46,-0.01880731,0.1452499,0,-1,-6,-5,0,-6,-5,-2
6.06,-0.07636839,0.02812021,-0.730209,0.05743847,0.4425133,-0.0644231,-0.1624308,-0.1081994,-0.5891621,5.106081,126.8741,-6.867766,0.04,-0.1,-1.22,1.34,0.02054639,-0.1071405,-4,1,32,9,1,5,-1,9
6.08,-0.07717212,0.02864694,-0.730209,0.05743847,0.4425133,-0.0644231,-0.1344945,-0.05763767,1.396816,2.528087,99.29888,-128.8997,0.07,-0.42,-1.16,1.22,0.05918847,-0.3564597,-4,1,32,9,1,5,-1,9
6.1,-0.07695101,0.02925986,-0.730209,0.05743847,0.4425133,-0.0644231,-0.0794092,-0.0839545,2.754265,-1.315841,67.87247,-192.1964,0.27,-0.57,-1.28,1.1,0.2193539,-0.5200012,2,4,10,7,-1,9,6,4
6.12,-0.07555804,0.02987847,-0.730209,0.05743847,0.4425133,-0.0644231,-0.006574246,-0.1714844,3.641748,-4.376493,44.37413,-153.0326,0.2,-0.6,-0.92,0.61,0.1760457,-0.5561783,0,-2,1,-6,-2,-5,-7,-3
6.14,-0.07312393,0.03043883,-0.730209,0.05743847,0.4425133,-0.0644231,0.06094181,-0.2911791,3.375803,-5.984738,-13.29725,-80.41222,0.05,-0.73,-1.46,0.79,0.08930933,-0.7150472,-1,3,19,-1,-2,3,-1,1
6.16,-0.06988491,0.03064263,-0.730209,0.05743847,0.4425133,-0.0644231,0.07215033,-0.4097484,0.5604264,-5.928466,-140.7688,2.813601,-0.62,-0.46,-0.92,0.98,-0.5877197,-0.472605,-3,-6,-21,-43,1,-7,-1,-1
6.18,-0.06606214,0.03011642,-0.730209,0.05743847,0.4425133,-0.0644231,0.001343123,-0.4712128,-3.540361,-3.073217,-205.0394,142.7624,-0.2,-0.02,-2.32,1.77,-0.2796521,-0.04703064,2,2,-14,4,0,1,-1,2
6.2,-0.06203649,0.0286708,-0.730209,0.05743847,0.4425133,-0.0644231,-0.06522731,-0.4401139,-3.328522,1.554945,10.59194,231.4081,0.44,0,-0.18,1.28,0.464225,0.01121887,-1,-2,-1,2,1,-2,0,4
6.22,-0.05801012,0.02689531,-0.730209,0.05743847,0.4425133,-0.0644231,-0.04922928,-0.3591674,0.799902,4.047325,206.4212,124.619,0.13,-0.36,0.12,1.83,0.1467915,-0.3127305,-1,-2,-1,2,1,-2,0,4
6.24,-0.05360003,0.02529861,-0.730209,0.05743847,0.4425133,-0.0644231,-0.02289133,-0.2981855,1.316897,3.049093,25.84976,-49.91158,-0.56,-0.39,-0.37,2.5,-0.5543525,-0.3634954,0,-3,-8,23,-1,-3,-3,-8
6.26,-0.04827875,0.02335306,-0.730209,0.05743847,0.4425133,-0.0644231,-0.06411444,-0.2722379,-2.061156,1.297379,-168.9026,-87.58575,-0.31,-0.27,-1.22,2.62,-0.3040354,-0.2406843,-2,-3,-32,-11,-1,-9,-1,-1
6.28,-0.04198438,0.02054221,-0.730209,0.05743847,0.4425133,-0.0644231,-0.129876,-0.258797,-3.28808,0.6720468,-61.3462,-31.26659,-0.05,-0.24,-0.85,1.65,-0.08006938,-0.2293561,-1,1,-11,-29,0,1,11,1
6.3,-0.03490609,0.01718906,-0.730209,0.05743847,0.4425133,-0.0644231,-0.1438071,-0.248476,-0.6965526,0.5160481,129.5764,-7.799939,0.38,-0.29,-0.92,1.22,0.3437721,-0.2553582,1,4,35,14,-2,6,-4,1
6.32,-0.02706821,0.01379827,-0.730209,0.05743847,0.4425133,-0.0644231,-0.08997142,-0.2472628,2.691783,0.06065965,169.4168,-22.76942,0.11,-0.37,-1.04,1.46,0.1328126,-0.3375655,0,0,-9,36,3,5,-3,11
6.34,-0.01836759,0.01043326,-0.730209,0.05743847,0.4425133,-0.0644231,-0.03235326,-0.2493116,2.880908,-0.1024403,9.456253,-8.154996,-0.3,-0.1,-0.79,1.77,-0.2942362,-0.1159084,-1,-1,-4,-12,-2,-5,0,17
6.36,-0.008819293,0.006637671,-0.730209,0.05743847,0.4425133,-0.0644231,-0.02746339,-0.2353933,0.2444934,0.695917,-131.8207,39.91787,-0.17,-0.11,-1.59,2.26,-0.182024,-0.104314,-4,-5,-28,12,-1,-15,-10,-13
6.38,0.0001965999,0.001359222,-0.730209,0.05743847,0.4425133,-0.0644231,-0.06724928,-0.2092229,-1.989294,1.308519,-111.6894,30.63008,-0.43,-0.24,-1.28,1.77,-0.3661397,-0.198125,-1,-2,6,-47,0,1,-2,-5
6.4,0.00734331,-0.006680703,-0.730209,0.05743847,0.4425133,-0.0644231,-0.1258429,-0.1869045,-2.92968,1.115923,-47.01927,-9.629798,-0.19,-0.13,-0.73,1.04,-0.20067,-0.1315333,-1,-3,-5,-9,0,-18,-10,-4
6.42,0.0102418,-0.0114761,-0.730209,0.05743847,0.4425133,-0.0644231,-0.1769412,-0.164865,-2.554917,1.101971,18.73812,-0.6975651,-0.22,-0.03,-0.73,0.98,-0.2188841,-0.04661477,1,6,1,40,-4,7,0,-13
6.44,0.01367373,-0.01629593,-0.730209,0.05743847,0.4425133,-0.0644231,-0.19352,-0.1364113,-0.8289382,1.422688,86.29896,16.03585,0.17,-0.02,-1.28,1.4,0.1160555,-0.05286742,1,6,1,40,-4,7,0,-13
6.46,0.01657286,-0.0202954,-0.730209,0.05743847,0.4425133,-0.0644231,-0.1599999,-0.1067128,1.676005,1.484924,125.2472,3.111792,0.17,-0.02,-1.28,1.4,0.1160555,-0.05286742,1,6,1,40,-4,7,0,-13
6.48,0.01884248,-0.02320125,-0.730209,0.05743847,0.4425133,-0.0644231,-0.08805427,-0.08861113,3.597281,0.9050831,96.06377,-28.99205,0.18,-0.18,-1.65,2.44,0.2140414,-0.1924752,0,1,3,21,-2,-4,-2,-2
6.5,0.02055735,-0.02507223,-0.730209,0.05743847,0.4425133,-0.0644231,-0.0006753826,-0.09067085,4.368945,-0.102986,38.58321,-50.40346,0.23,-0.16,-0.55,2.01,0.2307444,-0.1542578,-3,-4,-19,-11,3,-5,-1,2
6.52,0.02176701,-0.02605468,-0.730209,0.05743847,0.4425133,-0.0644231,0.08622636,-0.1118552,4.345087,-1.059216,-1.19288,-47.8115,0.31,-0.3,-0.12,1.04,0.2739906,-0.2989469,-2,0,3,5,-4,-2,0,1
6.54,0.02245035,-0.02624385,-0.730209,0.05743847,0.4425133,-0.0644231,0.1457229,-0.147449,2.974826,-1.779692,-68.51305,-36.02378,-0.1,-0.21,-1.77,1.28,-0.07057426,-0.2409907,0,4,10,-25,-4,14,10,5
6.56,0.02256506,-0.02581745,-0.730209,0.05743847,0.4425133,-0.0644231,0.1380688,-0.175051,-0.3827021,-1.3801,-167.8764,19.97957,-0.34,-0.03,-2.26,0.73,-0.3501609,-0.02773036,-1,0,28,-2,0,-2,-2,-10
6.58,0.0219429,-0.02503273,-0.730209,0.05743847,0.4425133,-0.0644231,0.06457283,-0.1635346,-3.6748,0.5758226,-164.6049,97.79613,-0.19,0.16,-2.69,0.98,-0.1884028,0.1401552,1,6,9,36,1,-12,-7,0
6.6,0.02035786,-0.02386099,-0.730209,0.05743847,0.4425133,-0.0644231,-0.02424703,-0.1066574,-4.440993,2.843858,-38.30965,113.4017,-0.16,0.2,-2.44,1.53,-0.1565493,0.2034314,0,-2,11,1,-5,10,3,-4
6.62,0.01777961,-0.0219647,-0.730209,0.05743847,0.4425133,-0.0644231,-0.08679076,-0.04369062,-3.127186,3.148339,65.69035,15.22409,0.04,-0.26,-1.4,1.16,-0.004337597,-0.2150843,-1,2,-12,14,4,-17,-7,20
6.64,0.01450717,-0.01909082,-0.730209,0.05743847,0.4425133,-0.0644231,-0.09797478,-0.03659834,-0.5592015,0.3546139,128.3992,-139.6863,0.22,-0.48,-1.34,1.4,0.2424051,-0.4655763,0,-1,-28,-11,1,-3,-1,-4
6.66,0.01096637,-0.01507966,-0.730209,0.05743847,0.4425133,-0.0644231,-0.05975038,-0.1155644,1.91122,-3.948303,123.5211,-215.1458,0.05,-0.82,-0.98,1.16,0.07545254,-0.7875163,-1,-2,-17,-5,-1,-5,3,3
6.68,0.00733505,-0.009932245,-0.730209,0.05743847,0.4425133,-0.0644231,-0.02171868,-0.251587,1.901585,-6.801129,-0.4817665,-142.6413,-0.26,-0.48,-1.77,1.04,-0.2154092,-0.528354,-1,-2,-17,-5,-1,-5,3,3
6.7,0.003390168,-0.003949874,-0.730209,0.05743847,0.4425133,-0.0644231,-0.0105945,-0.3735879,0.5562089,-6.100048,-67.26881,35.05404,0.18,-0.35,-1.65,0.98,0.1041733,-0.356601,-1,-3,5,-6,4,-14,-5,8
6.72,-0.001404782,0.002407702,-0.730209,0.05743847,0.4425133,-0.0644231,0.02358466,-0.4266902,1.708958,-2.655113,57.63746,172.2468,0.55,-0.07,-0.98,1.71,0.5869918,-0.1032396,-1,-3,5,-6,4,-14,-5,8
6.74,-0.004247197,0.004929789,-0.730209,0.05743847,0.4425133,-0.0644231,0.08574666,-0.3994077,3.1081,1.364122,69.95709,200.9618,-0.23,0.02,-0.31,2.2,-0.2007162,0.01384518,-1,-1,-10,-39,-1,-6,1,1
6.76,-0.007229432,0.007264511,-0.730209,0.05743847,0.4425133,-0.0644231,0.08938988,-0.3113908,0.1821611,4.400849,-146.297,151.8363,-0.44,0.09,-1.04,2.56,-0.4263088,0.09500471,-3,-3,-2,-27,-1,5,6,-10
6.78,-0.00990288,0.008374449,-0.730209,0.05743847,0.4425133,-0.0644231,0.02389061,-0.2125178,-3.274963,4.943649,-172.8562,27.13997,-0.02,-0.29,-0.92,1.89,-0.04777582,-0.2444978,1,0,24,10,-1,11,3,3
6.8,-0.01175748,0.008305118,-0.730209,0.05743847,0.4425133,-0.0644231,-0.04311725,-0.1399499,-3.350393,3.628395,-3.771496,-65.7627,-0.11,0.08,-1.22,1.34,-0.1368185,0.06288819,1,0,24,10,-1,11,3,3
6.82,-0.01258772,0.007520915,-0.730209,0.05743847,0.4425133,-0.0644231,-0.08330721,-0.07988287,-2.009498,3.003351,67.04476,-31.25219,-0.03,0.05,-1.71,1.34,-0.007882334,0.0873477,-3,0,-1,-17,-1,4,4,10
6.84,-0.01230931,0.006381034,-0.730209,0.05743847,0.4425133,-0.0644231,-0.1099105,-0.01895917,-1.330167,3.046185,33.96657,2.14169,-0.35,0.17,-1.28,1.04,-0.3288606,0.123153,-2,-1,-2,4,2,-18,-10,-5
6.86,-0.01102608,0.004797015,-0.730209,0.05743847,0.4425133,-0.0644231,-0.1537033,0.03313601,-2.18964,2.604759,-42.97368,-22.07128,-0.47,0.1,-1.1,0.55,-0.4397174,0.07026899,-1,-6,-16,-36,0,-7,-2,-5
6.88,-0.00866132,0.002562368,-0.730209,0.05743847,0.4425133,-0.0644231,-0.2211556,0.06143408,-3.37261,1.414904,-59.1485,-59.49279,-0.39,-0.11,-1.1,0.49,-0.4018048,-0.07311706,-1,-6,-16,-36,0,-7,-2,-5
6.9,-0.004966033,-0.0001113208,-0.730209,0.05743847,0.4425133,-0.0644231,-0.2853789,0.06264237,-3.211169,0.06041471,8.072066,-67.72444,-0.28,0.07,-1.1,0.61,-0.3143574,0.04620734,1,1,-3,-19,-8,7,-3,-16
6.92,3.209519E-05,-0.001898036,-0.730209,0.05743847,0.4425133,-0.0644231,-0.3090548,0.04125815,-1.183794,-1.069211,101.3687,-56.48129,0.07,-0.23,-1.59,1.34,0.06046806,-0.2451558,-3,-4,-8,-11,0,11,0,-5
6.94,0.003836919,-0.000905526,-0.730209,0.05743847,0.4425133,-0.0644231,-0.2672085,-0.01251314,2.092317,-2.688565,163.8056,-80.96769,0.06,-0.32,-1.4,1.22,0.1167144,-0.3284867,-2,-5,-1,-3,1,-4,1,-5
6.96,0.006042454,0.0008102439,-0.730209,0.05743847,0.4425133,-0.0644231,-0.1858887,-0.09282541,4.06599,-4.015613,98.68365,-66.35242,-0.03,-0.33,-1.65,1.71,-0.0460851,-0.3155968,0,0,-5,-19,1,-5,-6,6
6.98,0.00726176,0.002579804,-0.730209,0.05743847,0.4425133,-0.0644231,-0.1121885,-0.1701342,3.685009,-3.865438,-19.04902,7.508731,0.02,-0.21,-1.04,1.89,-0.03745103,-0.2312341,0,0,-5,-19,1,-5,-6,6
7,0.007258923,0.003894843,-0.730209,0.05743847,0.4425133,-0.0644231,-0.04401555,-0.2231306,3.408648,-2.649821,-13.81807,60.78086,0.34,-0.24,-1.28,1.83,0.3643001,-0.2270858,-1,-3,-11,17,-5,-3,-4,-4
7.02,0.006028711,0.00455443,-0.730209,0.05743847,0.4425133,-0.0644231,0.03643653,-0.2496878,4.022604,-1.327862,30.6978,66.09797,0.1,-0.25,-0.98,1.77,0.1499563,-0.2178026,0,0,9,-2,1,-1,1,2
7.04,0.003749293,0.004469306,-0.730209,0.05743847,0.4425133,-0.0644231,0.08707828,-0.2457705,2.532088,0.1958676,-74.52581,76.18648,-0.26,0.08,-1.53,1.34,-0.2784058,0.03198325,1,1,6,11,2,-1,-3,5
7.06,0.0007007173,0.00321486,-0.730209,0.05743847,0.4425133,-0.0644231,0.06942099,-0.2105304,-0.8828644,1.762002,-170.7476,78.30672,-0.17,-0.1,-2.01,1.28,-0.1674818,-0.1071101,0,1,22,-5,1,10,1,-20
7.08,-0.002264545,-7.365453E-05,-0.730209,0.05743847,0.4425133,-0.0644231,0.007204381,-0.1662845,-3.110831,2.212295,-111.3983,22.51465,-0.24,-0.11,-1.95,1.16,-0.2693724,-0.0764607,0,1,22,-5,1,10,1,-20
7.1,-0.002638894,-0.002934758,-0.730209,0.05743847,0.4425133,-0.0644231,-0.07711808,-0.1246437,-4.216123,2.082041,-55.26462,-6.51269,-0.46,0.02,-2.56,1.53,-0.4295226,0.02583552,-1,5,9,2,4,-7,0,-9
7.12,-0.00239118,-0.004786076,-0.730209,0.05743847,0.4425133,-0.0644231,-0.1737394,-0.0809965,-4.831069,2.182361,-30.74727,5.015993,-0.37,0.05,-1.95,1.1,-0.3755544,0.02842242,-2,-1,-5,23,-4,-14,-7,9
7.14,-0.001632183,-0.00561314,-0.730209,0.05743847,0.4425133,-0.0644231,-0.249718,-0.04822001,-3.798929,1.638825,51.60698,-27.17683,-0.1,-0.16,-1.16,0.79,-0.1312328,-0.1614939,3,4,14,-5,3,7,2,9
7.16,-0.0005061016,-0.005024773,-0.730209,0.05743847,0.4425133,-0.0644231,-0.2845174,-0.04103984,-1.739968,0.3590087,102.9481,-63.9908,-0.35,-0.07,-0.79,1.83,-0.3051895,-0.09210081,-2,-4,18,23,1,-14,-4,-5
7.18,0.0006543639,-0.003002037,-0.730209,0.05743847,0.4425133,-0.0644231,-0.2876728,-0.05726562,-0.157772,-0.8112894,79.10979,-58.51491,-0.11,-0.28,-1.16,1.83,-0.09386164,-0.2467386,0,4,-9,-7,0,-4,1,-2
7.2,0.0008482183,-3.975689E-05,-0.730209,0.05743847,0.4425133,-0.0644231,-0.2535403,-0.09242558,1.706626,-1.757998,93.21988,-47.33541,0.16,-0.24,-0.31,1.1,0.1157525,-0.2326641,1,-2,-13,0,-2,-2,-2,20
7.22,-0.0003963012,0.001835343,-0.730209,0.05743847,0.4425133,-0.0644231,-0.1777989,-0.1369379,3.787072,-2.225618,104.0223,-23.381,0.11,-0.2,-0.85,1.46,0.1261562,-0.2476898,0,-3,-2,-18,1,-3,-1,3
7.24,-0.001067251,0.002243608,-0.730209,0.05743847,0.4425133,-0.0644231,-0.09597034,-0.1715126,4.091426,-1.728734,15.21771,24.8442,-0.07,-0.06,-1.53,0.85,-0.1129432,-0.09463672,-1,1,-28,-19,-2,-4,-3,-7
7.26,-0.001103368,0.001764429,-0.730209,0.05743847,0.4425133,-0.0644231,-0.03920417,-0.1797446,2.838309,-0.4115999,-62.65588,65.85669,0.07,-0.02,-0.85,0.37,0.07399432,-0.05893109,-1,1,13,14,1,-1,-5,-3
7.28,-0.0004178756,0.0004494715,-0.730209,0.05743847,0.4425133,-0.0644231,-0.006335005,-0.1635839,1.643458,0.8080333,-59.74253,60.98166,-0.12,-0.11,-0.55,0.85,-0.08454225,-0.06840313,0,1,-2,1,-1,-3,2,-2
7.3,0.001195626,-0.001183607,-0.730209,0.05743847,0.4425133,-0.0644231,-0.01063274,-0.1421406,-0.214887,1.072168,-92.91726,13.20671,-0.42,-0.15,-0.37,0,-0.3738309,-0.16606,-2,-2,6,-45,1,0,-3,-3
7.32,0.0008840182,-0.001447712,-0.730209,0.05743847,0.4425133,-0.0644231,-0.06762644,-0.133599,-2.849685,0.4270807,-131.7399,-32.25435,-0.37,-0.23,-0.18,1.04,-0.3999619,-0.2114906,-4,-2,4,30,-2,-13,3,-2
7.34,0.0003919236,-0.001247367,-0.730209,0.05743847,0.4425133,-0.0644231,-0.1589388,-0.1403104,-4.565617,-0.3355734,-85.7966,-38.13271,-0.48,-0.16,-0.79,2.38,-0.4685188,-0.1819019,0,2,8,19,-1,-3,-6,-2
7.36,-0.0002753334,-0.0001841824,-0.730209,0.05743847,0.4425133,-0.0644231,-0.2113013,-0.1566382,-2.618129,-0.8163899,97.3744,-24.04083,0.57,-0.31,-1.53,1.53,0.5396625,-0.2683344,1,-1,-9,-6,0,-9,-5,-4
7.38,0.0008418115,0.0009915003,-0.730209,0.05743847,0.4425133,-0.0644231,-0.1586046,-0.1900776,2.634837,-1.671971,262.6483,-42.77904,0.21,-0.49,-1.28,0.79,0.2445349,-0.4587784,1,3,-27,-1,-1,-1,-2,-4
7.4,0.0007039655,0.001295072,-0.730209,0.05743847,0.4425133,-0.0644231,-0.05339278,-0.2474802,5.260592,-2.870125,131.2878,-59.90773,0.11,-0.45,-1.04,1.16,0.05572667,-0.4622366,-1,1,-10,2,-7,9,3,2
7.42,0.0003822757,0.0009778497,-0.730209,0.05743847,0.4425133,-0.0644231,0.03865037,-0.3193036,4.602158,-3.591174,-32.92167,-36.05243,0.34,-0.56,-2.01,2.44,0.3039961,-0.5516188,-1,2,9,-17,3,-9,-7,1
7.44,-3.258166E-05,-0.00055479,-0.730209,0.05743847,0.4425133,-0.0644231,0.09972664,-0.3759458,3.053813,-2.83211,-77.41724,37.95317,-0.17,-0.18,-0.49,1.04,-0.1664402,-0.1738634,-1,-5,4,22,-5,-2,3,-1
7.46,-0.0002082287,1.069251E-05,-0.730209,0.05743847,0.4425133,-0.0644231,0.08194605,-0.3825323,-0.8890297,-0.3293216,-197.1422,125.1394,-0.66,-0.12,-0.98,1.59,-0.6087748,-0.1433486,0,3,-9,-21,-6,-1,0,-1
7.48,0.0004616313,-0.0001877209,-0.730209,0.05743847,0.4425133,-0.0644231,-0.001872151,-0.3257934,-4.19091,2.836944,-165.094,158.3133,0.15,0.23,-1.65,2.01,0.08440485,0.2305792,1,0,-6,-12,-3,9,17,3
7.5,-0.0006083334,-0.0002921425,-0.730209,0.05743847,0.4425133,-0.0644231,-0.06367087,-0.2255678,-3.089936,5.011278,55.04871,108.7167,-0.04,-0.11,-1.1,0.92,-0.01354766,-0.05328728,-1,1,11,10,-4,-11,-4,0
7.52,-0.000435979,-0.0002529859,-0.730209,0.05743847,0.4425133,-0.0644231,-0.09945383,-0.1311032,-1.789148,4.723231,65.03938,-14.40234,-0.48,-0.01,-1.71,0.85,-0.4288235,-0.0470719,-3,-3,-21,18,2,-8,-6,-4
7.54,0.0007445547,0.0005249531,-0.730209,0.05743847,0.4425133,-0.0644231,-0.1516458,-0.08050205,-2.609599,2.530059,-41.02254,-109.6586,-0.28,-0.29,-1.16,0.43,-0.2765042,-0.2871888,1,1,8,21,0,-4,-6,-2
7.56,0.0001795773,-0.0001386309,-0.730209,0.05743847,0.4425133,-0.0644231,-0.1887965,-0.08332412,-1.857535,-0.1411036,37.60321,-133.5581,0.14,-0.26,-1.53,0.98,0.1263522,-0.301193,-2,-5,-12,-27,-1,4,-3,0
7.58,-0.0006739746,0.0002882172,-0.730209,0.05743847,0.4425133,-0.0644231,-0.1610271,-0.1293834,1.388469,-2.302962,162.3002,-108.0929,0.28,-0.41,-0.98,0.67,0.2666354,-0.4120624,0,1,7,20,1,14,7,2
7.6,0.0003247831,0.0001443306,-0.730209,0.05743847,0.4425133,-0.0644231,-0.07715657,-0.2060668,4.193527,-3.834172,140.2529,-76.56053,0.2,-0.59,-1.04,0.67,0.2182817,-0.5634457,-1,-1,-1,0,-1,3,1,-3
7.62,-0.0001248146,0.0002710354,-0.730209,0.05743847,0.4425133,-0.0644231,-0.001710493,-0.3102404,3.772304,-5.208683,-21.06116,-68.7255,-0.3,-0.76,-0.43,1.22,-0.2705249,-0.7259641,0,-1,-8,-27,0,1,15,1
7.64,0.001000608,-0.0004716436,-0.730209,0.05743847,0.4425133,-0.0644231,0.03384835,-0.4148044,1.777942,-5.228199,-99.71809,-0.9758234,0.34,-0.34,-2.08,1.53,0.2824035,-0.3816264,2,1,-2,-22,0,-6,4,0
7.66,0.0005671311,-0.0002583462,-0.730209,0.05743847,0.4425133,-0.0644231,0.08095146,-0.4691454,2.355155,-2.717051,28.86066,125.5574,0.49,-0.25,-0.85,1.77,0.4830725,-0.2331935,2,3,27,33,1,21,3,1
7.68,-0.0009178797,0.000707743,-0.730209,0.05743847,0.4425133,-0.0644231,0.1499267,-0.4635374,3.448762,0.2804041,54.68035,149.8728,0.08,-0.37,-0.79,1.89,0.06826781,-0.3276715,-2,-5,-20,-20,-4,-16,-6,-1
7.7,-0.0008446967,0.0006605514,-0.730209,0.05743847,0.4425133,-0.0644231,0.1593217,-0.4282406,0.4697509,1.764838,-148.9506,74.22172,-0.55,-0.3,-1.53,1.16,-0.5515918,-0.260273,-2,-5,-21,4,4,-9,-6,-2
7.72,-0.0001468842,4.804998E-06,-0.730209,0.05743847,0.4425133,-0.0644231,0.06664486,-0.3727225,-4.633843,2.775905,-255.1797,50.55331,-0.48,-0.07,-2.01,1.34,-0.4369158,-0.03757865,1,0,-16,5,3,16,4,0
7.74,0.001579502,-0.0007934283,-0.730209,0.05743847,0.4425133,-0.0644231,-0.07869183,-0.2948937,-7.266835,3.891438,-131.6496,55.77668,-0.47,-0.07,-2.5,1.16,-0.4704332,-0.06024453,-1,1,8,-18,1,10,2,-1
7.76,0.0008195892,-0.001021036,-0.730209,0.05743847,0.4425133,-0.0644231,-0.219444,-0.2065524,-7.03761,4.417069,11.46126,26.28156,-0.42,0.09,-2.62,1.16,-0.4386353,0.06373601,-2,-2,-14,-19,0,-6,1,0
7.78,-0.0004572186,-0.001001565,-0.730209,0.05743847,0.4425133,-0.0644231,-0.3223305,-0.1246519,-5.144324,4.095022,94.66427,-16.10239,-0.24,-0.09,-2.44,1.46,-0.2597826,-0.05988946,-2,0,7,-3,-2,-12,-1,2
7.8,-0.000848286,0.0004403165,-0.730209,0.05743847,0.4425133,-0.0644231,-0.3705374,-0.06564182,-2.410345,2.950505,136.699,-57.22583,-0.27,-0.04,-2.32,1.53,-0.2792284,-0.03654429,0,-2,13,-3,-1,6,2,3
7.82,0.0001248399,0.0005499328,-0.730209,0.05743847,0.4425133,-0.0644231,-0.3673734,-0.0299297,0.1581982,1.785606,128.4272,-58.24498,-0.07,-0.01,-1.95,1.4,-0.08139081,0.01543481,-1,0,-28,-35,-5,-9,-9,0
7.84,0.0003417754,-0.0001176492,-0.730209,0.05743847,0.4425133,-0.0644231,-0.339666,-0.01399373,1.38537,0.7967988,61.35859,-49.44035,-0.53,-0.16,-1.04,0.79,-0.4606015,-0.1493274,1,1,15,-4,3,0,4,-1
7.86,-0.0005213541,4.798542E-05,-0.730209,0.05743847,0.4425133,-0.0644231,-0.3102782,-0.03070435,1.469393,-0.8355313,4.201162,-81.61651,0.03,-0.28,-1.53,1.65,-0.01441852,-0.3048852,0,1,4,-18,-1,-9,-1,0
7.88,0.0003896367,0.0001640786,-0.730209,0.05743847,0.4425133,-0.0644231,-0.2557714,-0.0859954,2.725341,-2.764552,62.79737,-96.45106,0.14,-0.38,-1.22,1.22,0.1165658,-0.3841122,-3,-9,-8,15,-2,8,2,-1
7.9,-8.409343E-05,1.357165E-05,-0.730209,0.05743847,0.4425133,-0.0644231,-0.1742524,-0.1742633,4.075947,-4.413393,67.53031,-82.44206,-0.07,-0.58,-1.16,1.22,-0.05580975,-0.5947974,1,0,8,2,-1,-9,-3,0
7.92,0.001253453,0.0003999934,-0.730209,0.05743847,0.4425133,-0.0644231,-0.1120812,-0.2754446,3.108563,-5.059068,-48.36917,-32.28374,-0.25,-0.35,-1.34,1.77,-0.2233438,-0.3756308,1,7,16,-23,-3,6,2,0
7.94,0.0008526545,0.0003045292,-0.730209,0.05743847,0.4425133,-0.0644231,-0.07547467,-0.3405855,1.830325,-3.257042,-63.91193,90.1013,0.24,-0.08,-0.85,1.04,0.184883,-0.08908222,-1,-1,0,-2,-2,-3,-3,-3
7.96,-0.0006428415,-0.0004525021,-0.730209,0.05743847,0.4425133,-0.0644231,-0.04175476,-0.359027,1.685996,-0.9220779,-7.216454,116.7482,-0.17,-0.55,-0.31,0.55,-0.1076364,-0.5138372,2,-1,11,13,1,15,-2,0
7.98,-0.0004906027,0.0001432798,-0.730209,0.05743847,0.4425133,-0.0644231,-0.01578896,-0.3660777,1.29829,-0.3525317,-19.38529,28.47731,0.12,-0.25,-1.28,1.53,0.06674302,-0.275583,-2,1,-9,1,1,0,1,-2
8,0.000490182,8.850115E-05,-0.730209,0.05743847,0.4425133,-0.0644231,-0.01281046,-0.3658101,0.148925,0.01337677,-57.46825,18.29542,-0.34,-0.31,-1.65,1.83,-0.3012625,-0.3183416,-1,-1,-13,-23,0,16,12,-4
8.02,-0.0003676513,-0.0001974383,-0.730209,0.05743847,0.4425133,-0.0644231,-0.03417167,-0.3591599,-1.068061,0.332512,-60.84929,15.95676,0.02,-0.46,-1.83,1.34,-0.0102612,-0.4096695,-1,-2,-12,-6,-2,-7,-1,1
8.04,0.0003348902,0.000137634,-0.730209,0.05743847,0.4425133,-0.0644231,-0.06595804,-0.3552697,-1.589318,0.1945108,-26.06286,-6.900057,-0.32,-0.31,-0.98,0.92,-0.276203,-0.2855293,2,3,11,-2,0,-6,-8,1
8.059999,-0.0005453677,-0.0003853956,-0.730209,0.05743847,0.4425133,-0.0644231,-0.09725787,-0.3441112,-1.564991,0.5579233,1.216334,18.17063,-0.01,-0.27,-1.16,1.4,-0.04077691,-0.2399424,-4,-5,-12,-2,-5,4,1,-6
8.08,0.0001193722,3.656328E-05,-0.730209,0.05743847,0.4425133,-0.0644231,-0.1106532,-0.3212226,-0.6697662,1.144429,44.76126,29.32527,0.02,-0.22,-1.46,1.4,0.01204269,-0.2338357,-4,-5,-12,-2,-5,4,1,-6
8.099999,-0.0008663461,-0.0002681765,-0.730209,0.05743847,0.4425133,-0.0644231,-0.1067149,-0.302603,0.196914,0.9309828,43.33401,-10.67229,-0.22,-0.42,-1.46,2.01,-0.1977433,-0.4176739,1,2,28,-8,-1,-4,6,-1
8.12,-4.315163E-05,4.448486E-05,-0.730209,0.05743847,0.4425133,-0.0644231,-0.131494,-0.3026907,-1.238953,-0.004388392,-71.79335,-46.76856,-0.67,-0.32,-1.77,1.89,-0.6225379,-0.3416356,-2,-4,-17,0,1,-8,-3,-2
8.139999,0.0007381293,-0.0008981744,-0.730209,0.05743847,0.4425133,-0.0644231,-0.1914123,-0.306913,-2.995917,-0.2111122,-87.84818,-10.33619,-0.06,-0.18,-1.65,1.46,-0.1178376,-0.2004084,0,3,11,9,-1,-4,4,-11
8.16,0.0002751373,-0.0006191211,-0.730209,0.05743847,0.4425133,-0.0644231,-0.226557,-0.2870734,-1.757234,0.9919807,61.93415,60.15465,-0.05,0.01,-1.04,1.16,-0.03047717,-0.01012275,2,1,-3,35,-2,18,7,4
8.179999,-0.0002793336,0.0002862072,-0.730209,0.05743847,0.4425133,-0.0644231,-0.229911,-0.2465604,-0.1676992,2.025648,79.47672,51.68338,-0.46,-0.29,-0.85,1.77,-0.4254625,-0.2609504,1,1,-31,-11,-1,-8,-2,1
8.2,-0.0005424591,0.000264413,-0.730209,0.05743847,0.4425133,-0.0644231,-0.2405079,-0.2120938,-0.5298458,1.723328,-18.10733,-15.11601,-0.18,-0.1,-1.34,1.71,-0.2321947,-0.1389956,0,-3,-9,0,-5,13,7,1
8.22,-0.0007661548,0.0001956605,-0.730209,0.05743847,0.4425133,-0.0644231,-0.249075,-0.194016,-0.4283547,0.9038933,5.074555,-40.97175,-0.1,-0.32,-0.79,0.98,-0.144915,-0.2850087,-1,-1,-9,-15,1,9,4,4
8.24,-0.0008834515,0.0001399848,-0.730209,0.05743847,0.4425133,-0.0644231,-0.2259317,-0.1994717,1.157162,-0.2727881,79.27582,-58.83407,0.12,-0.43,-0.24,0.18,0.1187346,-0.3780445,-1,-1,-8,-40,0,12,1,-3
8.26,-0.0008481831,0.0002903715,-0.730209,0.05743847,0.4425133,-0.0644231,-0.1585212,-0.2380887,3.370526,-1.930849,110.6682,-82.90302,0.21,-0.56,-1.46,1.04,0.2182469,-0.5357262,-2,-4,16,4,-1,-5,-4,-2
8.28,-0.0005973427,0.0007280572,-0.730209,0.05743847,0.4425133,-0.0644231,-0.09103413,-0.2886824,3.374355,-2.529685,0.1914382,-29.9418,-0.43,-0.18,-1.89,2.14,-0.4450597,-0.1878823,1,1,12,2,0,-9,-5,-3
8.3,-0.0002688326,0.001166139,-0.730209,0.05743847,0.4425133,-0.0644231,-0.09824596,-0.3035631,-0.3605917,-0.7440329,-186.7473,89.28259,-0.57,-0.03,-2.38,2.01,-0.5680767,-0.02642668,-1,-2,-29,-12,7,-9,-1,-2
8.32,-0.00017234,0.001119379,-0.730209,0.05743847,0.4425133,-0.0644231,-0.1666382,-0.2745112,-3.419612,1.452595,-152.951,109.8314,-0.2,-0.2,-1.1,1.22,-0.2174256,-0.1851154,0,-2,-20,-5,5,7,-7,-1
8.34,-0.0003609658,0.0006753516,-0.730209,0.05743847,0.4425133,-0.0644231,-0.2013778,-0.2527566,-1.736982,1.087727,84.13155,-18.24341,0.35,-0.57,-1.22,1.59,0.3124544,-0.5395368,0,-1,19,36,3,-2,2,1
8.36,-0.0005022373,0.0004496723,-0.730209,0.05743847,0.4425133,-0.0644231,-0.1582502,-0.2756617,2.15638,-1.145256,194.6681,-111.6491,0.04,-0.49,-1.59,2.87,0.09224292,-0.4752782,-1,1,5,33,0,-9,-6,0
8.38,-0.0003534368,0.0007296414,-0.730209,0.05743847,0.4425133,-0.0644231,-0.08487625,-0.3236569,3.6687,-2.399759,75.616,-62.72517,-0.05,-0.42,-0.37,1.89,0.0008037774,-0.4087546,-1,1,5,33,0,-9,-6,0
8.4,-4.176795E-05,0.001206163,-0.730209,0.05743847,0.4425133,-0.0644231,-0.0497138,-0.3537537,1.758122,-1.504837,-95.52888,44.7461,-0.45,-0.08,-0.92,1.04,-0.4533803,-0.1425703,-1,-1,-1,10,2,-8,-5,-1
8.42,0.0001535948,0.001434418,-0.730209,0.05743847,0.4425133,-0.0644231,-0.08910419,-0.3409618,-1.96952,0.6395936,-186.3821,107.2215,-0.52,-0.09,-1.22,1.28,-0.5216324,-0.1229679,-1,-3,2,-5,0,13,9,2
8.44,7.057556E-05,0.001178622,-0.730209,0.05743847,0.4425133,-0.0644231,-0.1712469,-0.2841375,-4.107136,2.841216,-106.8808,110.0811,-0.19,0.13,-1.65,1.46,-0.2204393,0.1200662,-3,-1,-1,31,-1,-5,-6,-1
8.46,-0.000298355,0.0006454325,-0.730209,0.05743847,0.4425133,-0.0644231,-0.2435441,-0.1894917,-3.614859,4.732289,24.61388,94.55365,-0.4,0.2,-1.28,1.46,-0.4139386,0.1921182,-1,-2,28,-18,-4,17,1,-2
8.48,-0.0009129737,0.0001760463,-0.730209,0.05743847,0.4425133,-0.0644231,-0.2919989,-0.09845679,-2.42274,4.551744,59.60591,-9.027267,-0.2,-0.34,-1.16,1.22,-0.2054542,-0.2979255,-2,-2,3,0,-3,-14,-11,-4
8.5,-0.001504012,-0.0001385875,-0.730209,0.05743847,0.4425133,-0.0644231,-0.2991596,-0.08267407,-0.3580347,0.7891361,103.2353,-188.1304,0.04,-0.61,-0.73,0.73,0.01820622,-0.6184971,0,0,-12,13,1,7,8,-4
8.52,-0.001606448,-0.0001851474,-0.730209,0.05743847,0.4425133,-0.0644231,-0.2412068,-0.1653586,2.897638,-4.134227,162.7836,-246.1682,0.26,-0.78,-1.77,1.53,0.3049864,-0.7563908,-2,-1,12,35,-1,-9,-4,0
8.54,-0.001069699,0.0001911067,-0.730209,0.05743847,0.4425133,-0.0644231,-0.1403976,-0.2992379,5.04046,-6.693967,107.1411,-127.987,-0.07,-0.57,-0.73,0.73,-0.02559955,-0.550759,-1,-2,-1,22,-3,9,0,3
8.559999,-0.0002004753,0.0008455522,-0.730209,0.05743847,0.4425133,-0.0644231,-0.08101886,-0.4170582,2.968939,-5.891012,-103.576,40.14776,-0.6,-0.52,-0.79,0.67,-0.6029521,-0.4657442,-1,-4,5,1,2,13,0,-1
8.58,0.0005645299,0.001231129,-0.730209,0.05743847,0.4425133,-0.0644231,-0.109444,-0.4664571,-1.421259,-2.469948,-219.5099,171.0532,-0.35,0.06,-1.71,1.59,-0.3417836,-0.0007239589,0,2,1,-7,0,0,-6,4
